1            13.8171 
2            0.0098 
3            -0.0461 
4            -0.0810 
5            0.0526 
6            0.2785 
7            0.3700 
8            0.0927 
9            0.1689 
10           0.3309 
11           0.1033 
12           0.1701 
13           0.2069 
14           0.2484 
15           0.1884 
16           9.5185 
17           -9.2162 
18           8.2534 
19           -0.0418 
20           -0.1101 
21           0.2381 
22           -0.2092 
23           -0.0953 
24           -0.3079 
25           -0.5389 
26           -0.2766 
27           -0.4049 
28           -0.4461 
29           -0.4017 
30           -0.3477 
31           -0.6581 
32           -0.4553 
33           -0.3025 
34           -0.4165 
35           -1.7262 
36           -0.3113 
37           0.0254 
38           0.2646 
39           -0.1171 
40           0.5563 
41           0.2804 
42           0.3671 
43           -0.3871 
44           -0.1409 
45           0.4304 
46           0.4241 
47           -0.1761 
48           0.3393 
49           1.1294 
50           -24.0843 
51           0.2975 
52           0.2285 
53           0.7441 
54           -0.0343 
55           -0.0139 
56           -0.1192 
57           0.1828 
58           -0.0222 
59           -0.8670 
60           16.6122 
61           -0.7080 
62           -0.5747 
63           -1.7886 
64           -21.3281 
65           -0.9707 
66           -1.3509 
67           -2.3925 
68           -1.5267 
69           -0.7084 
70           -69.7938 
71           -7.4661 
72           -0.0439 
73           1.7897 
74           1.0199 
75           0.8707 
76           0.8044 
77           1.2076 
78           0.8715 
79           1.0718 
80           0.5325 
81           0.6876 
82           0.6248 
83           0.3932 
84           0.4218 
85           0.3932 
86           0.2851 
87           -11.0644 
88           11.2014 
89           0.1669 
90           0.2179 
91           0.1943 
92           0.1804 
93           0.1689 
94           -0.0292 
95           -0.0639 
96           -0.0588 
97           -0.0643 
98           0.0405 
99           0.0428 
100          0.0560 
101          -0.0621 
102          0.1019 
103          -0.0912 
104          -0.1511 
105          -0.1736 
106          -0.1744 
107          -0.2538 
108          9.0964 
109          10.2789 
110          -0.2690 
111          -0.2647 
112          -0.2471 
113          -0.2777 
114          -0.3853 
115          -0.3059 
116          -0.2814 
117          -0.5159 
118          -0.6737 
119          -0.3629 
120          -0.4067 
121          -0.7464 
122          -0.7396 
123          -0.1037 
124          -0.6603 
125          0.1098 
126          0.0260 
127          0.4509 
128          0.8992 
129          0.2784 
130          0.2836 
131          0.3373 
132          -0.2988 
133          -0.6993 
134          -0.5731 
135          0.7473 
136          0.7396 
137          -26.2509 
138          -0.1632 
139          0.4041 
140          -1.5106 
141          1.1281 
142          -1.4165 
143          -0.8877 
144          0.1770 
145          -0.9676 
146          -0.7806 
147          -17.1259 
148          -1.0530 
149          -2.1931 
150          -0.6553 
151          0.3544 
152          -4.3417 
153          -1.1483 
154          -0.2827 
155          0.2293 
156          -1.6128 
157          -0.0031 
158          0.5939 
159          0.4036 
160          0.6495 
161          0.3741 
162          0.2352 
163          0.3342 
164          0.3868 
165          0.2515 
166          0.2157 
167          0.2989 
168          0.1656 
169          0.1806 
170          9.7501 
171          0.2455 
172          0.1715 
173          0.1464 
174          0.1771 
175          0.1703 
176          8.9420 
177          -0.0328 
178          7.4665 
179          7.1181 
180          8.6802 
181          7.4347 
182          0.0061 
183          0.0823 
184          -0.1592 
185          -0.1606 
186          9.1198 
187          -9.9960 
188          8.4973 
189          9.1788 
190          -0.2311 
191          -0.3014 
192          -0.1507 
193          -0.4390 
194          -0.3390 
195          -0.3094 
196          -0.3099 
197          -0.4467 
198          -0.6000 
199          -0.4545 
200          -0.4558 
201          -1.0216 
202          -1.0022 
203          -0.4794 
204          -0.5734 
205          -3.1123 
206          -0.8823 
207          0.0790 
208          -5.4583 
209          -2.9275 
210          -0.1808 
211          1.4811 
212          0.1274 
213          -0.0800 
214          0.3318 
215          2.3609 
216          -0.1382 
217          0.6308 
218          0.2381 
219          0.2283 
220          0.4932 
221          -0.2802 
222          0.2815 
223          0.0822 
224          -1.0872 
225          -0.9906 
226          -18.4086 
227          -0.8341 
228          -2.5247 
229          -1.5105 
230          -0.6420 
231          -1.8584 
232          -4.7761 
233          -1.7436 
234          0.4097 
235          3.3305 
236          -0.7628 
237          0.5840 
238          3.0082 
239          1.6240 
240          0.5415 
241          0.6803 
242          1.0412 
243          0.3461 
244          0.3984 
245          0.4415 
246          0.3177 
247          0.3087 
248          0.3321 
249          0.2313 
250          0.2325 
251          0.0166 
252          -9.2774 
253          0.1268 
254          10.2134 
255          8.5288 
256          0.0539 
257          0.1009 
258          0.0444 
259          8.6982 
260          -9.2387 
261          -7.3564 
