#Time E_VdW_mm(Protein)	E_Elec_mm(Protein)	E_Pol(Protein)	E_Apol(Protein)	E_VdW_mm(Ligand)	E_Elec_mm(Ligand)	E_Pol(Ligand)	E_Apol(Ligand)	E_VdW_mm(Complex)	E_Elec_mm(Complex)	E_Pol(Complex)	E_Apol(Complex)	Delta_E_mm	Delta_E_Pol	Delta_E_Apol	Delta_E_binding

#Complex 1
          0.000           0.000           0.000       -3120.378         316.525          0.000           0.000        -146.374           8.461        -74.861        -209.520       -3072.841         313.238       -284.381         193.911         -11.748        -102.218
       4000.000           0.000           0.000       -3101.587         320.873          0.000           0.000        -149.035           7.539        -79.908        -202.463       -3050.276         317.883       -282.371         200.346         -10.529         -92.554
       8000.000           0.000           0.000       -3217.812         319.464          0.000           0.000        -146.618           8.187        -85.894        -194.348       -3161.312         316.634       -280.242         203.118         -11.017         -88.141
      12000.000           0.000           0.000       -3171.398         318.781          0.000           0.000        -148.096           7.865        -97.101        -180.032       -3120.448         316.084       -277.133         199.046         -10.562         -88.649
      16000.000           0.000           0.000       -3184.831         321.372          0.000           0.000        -149.209           7.329        -92.280        -169.481       -3128.496         317.669       -261.761         205.544         -11.032         -67.249
      20000.000           0.000           0.000       -3247.518         318.169          0.000           0.000        -143.827           8.017        -83.858        -178.813       -3191.248         315.724       -262.671         200.097         -10.462         -73.036
      24000.000           0.000           0.000       -3292.030         322.467          0.000           0.000        -147.538           8.393        -60.005        -196.382       -3236.416         319.215       -256.387         203.152         -11.645         -64.880
      28000.000           0.000           0.000       -3158.461         312.959          0.000           0.000        -144.797           8.167        -97.633        -194.362       -3098.669         310.134       -291.995         204.589         -10.992         -98.398
      32000.000           0.000           0.000       -3145.474         325.965          0.000           0.000        -143.904           7.958        -80.691        -186.238       -3093.480         321.924       -266.929         195.898         -11.999         -83.030
      36000.000           0.000           0.000       -3165.198         314.591          0.000           0.000        -145.899           7.807        -92.223        -176.617       -3115.349         311.709       -268.840         195.748         -10.689         -83.781
      40000.000           0.000           0.000       -3149.966         321.704          0.000           0.000        -141.650           7.729        -84.085        -186.481       -3103.236         318.820       -270.566         188.380         -10.613         -92.799
      44000.000           0.000           0.000       -3116.445         321.587          0.000           0.000        -143.531           7.824        -97.827        -173.268       -3055.692         318.349       -271.095         204.284         -11.062         -77.873
      48000.000           0.000           0.000       -3344.183         318.896          0.000           0.000        -148.317           7.640        -93.214        -208.496       -3276.845         316.056       -301.710         215.655         -10.480         -96.535
      52000.000           0.000           0.000       -3157.120         314.972          0.000           0.000        -144.542           7.552        -87.849        -198.297       -3097.041         311.596       -286.146         204.621         -10.928         -92.453
      56000.000           0.000           0.000       -3299.032         314.889          0.000           0.000        -147.198           7.896        -96.487        -199.503       -3233.951         312.001       -295.990         212.279         -10.784         -94.495
      60000.000           0.000           0.000       -3302.543         334.934          0.000           0.000        -146.033           7.532        -61.555        -206.805       -3261.029         331.762       -268.360         187.547         -10.704         -91.517
      64000.000           0.000           0.000       -3314.938         330.185          0.000           0.000        -149.386           8.519        -98.058        -168.968       -3266.383         327.508       -267.026         197.941         -11.196         -80.281
      68000.000           0.000           0.000       -3202.053         321.862          0.000           0.000        -149.494           8.177        -81.391        -217.902       -3129.775         318.065       -299.293         221.772         -11.974         -89.495
      72000.000           0.000           0.000       -3110.893         333.173          0.000           0.000        -147.158           8.032        -85.601        -191.758       -3057.355         330.416       -277.359         200.696         -10.789         -87.452
      76000.000           0.000           0.000       -3172.581         320.580          0.000           0.000        -144.837           8.124        -92.097        -172.632       -3123.207         317.892       -264.729         194.211         -10.812         -81.330
      80000.000           0.000           0.000       -3069.189         325.891          0.000           0.000        -146.437           8.429        -80.817        -181.605       -3017.525         322.969       -262.422         198.101         -11.351         -75.672
      84000.000           0.000           0.000       -3229.271         325.703          0.000           0.000        -151.404           8.006        -89.455        -190.706       -3172.741         322.348       -280.161         207.934         -11.361         -83.588
      88000.000           0.000           0.000       -3150.490         322.183          0.000           0.000        -142.667           8.556        -97.442        -193.632       -3100.300         319.602       -291.074         192.857         -11.137        -109.354
      92000.000           0.000           0.000       -3062.117         326.875          0.000           0.000        -148.722           8.082        -90.909        -169.508       -3011.036         323.987       -260.417         199.803         -10.970         -71.584
      96000.000           0.000           0.000       -3195.730         317.824          0.000           0.000        -143.491           8.666        -86.971        -190.030       -3135.816         314.966       -277.001         203.405         -11.524         -85.120
     100000.000           0.000           0.000       -3152.934         317.042          0.000           0.000        -150.813           8.504        -92.565        -165.199       -3101.566         313.827       -257.764         202.181         -11.719         -67.302
     104000.000           0.000           0.000       -3297.051         322.574          0.000           0.000        -145.506           8.440        -69.995        -222.759       -3238.216         320.030       -292.754         204.341         -10.984         -99.397
     108000.000           0.000           0.000       -3143.247         318.340          0.000           0.000        -147.753           7.984        -75.055        -188.520       -3108.140         315.826       -263.575         182.860         -10.498         -91.213
     112000.000           0.000           0.000       -3190.204         322.105          0.000           0.000        -144.207           7.458        -76.349        -211.876       -3120.682         318.722       -288.225         213.729         -10.841         -85.337
     116000.000           0.000           0.000       -3234.697         319.613          0.000           0.000        -147.935           8.279       -101.475        -189.849       -3179.293         316.556       -291.324         203.339         -11.336         -99.321
     120000.000           0.000           0.000       -3060.529         318.275          0.000           0.000        -149.063           8.820        -66.846        -206.388       -3001.867         315.103       -273.234         207.725         -11.992         -77.501
     124000.000           0.000           0.000       -3150.188         314.553          0.000           0.000        -148.693           8.040        -91.564        -191.582       -3092.216         311.797       -283.146         206.665         -10.796         -87.277
     128000.000           0.000           0.000       -3188.836         320.369          0.000           0.000        -147.650           8.123        -73.947        -212.010       -3129.677         317.185       -285.957         206.809         -11.307         -90.455
     132000.000           0.000           0.000       -3176.533         323.501          0.000           0.000        -144.808           8.570        -88.507        -199.760       -3111.181         319.776       -288.267         210.160         -12.295         -90.402
     136000.000           0.000           0.000       -3110.397         321.641          0.000           0.000        -150.666           7.180        -86.880        -176.721       -3066.139         318.237       -263.601         194.924         -10.584         -79.261
     140000.000           0.000           0.000       -3098.031         314.482          0.000           0.000        -146.418           7.997        -63.975        -200.191       -3044.923         312.056       -264.166         199.526         -10.423         -75.063
     144000.000           0.000           0.000       -3152.777         312.565          0.000           0.000        -149.605           8.156        -87.916        -173.831       -3097.175         309.290       -261.747         205.207         -11.431         -67.971
     148000.000           0.000           0.000       -3003.991         316.423          0.000           0.000        -146.015           8.464        -84.352        -190.566       -2948.098         314.098       -274.918         201.908         -10.789         -83.799
     152000.000           0.000           0.000       -3045.597         317.000          0.000           0.000        -149.227           7.958        -87.304        -169.322       -2996.489         314.373       -256.626         198.335         -10.585         -68.876
     156000.000           0.000           0.000       -3153.946         322.197          0.000           0.000        -149.129           8.220        -90.833        -188.526       -3095.483         319.491       -279.359         207.592         -10.926         -82.693
     160000.000           0.000           0.000       -2934.359         313.353          0.000           0.000        -146.587           7.570        -83.321        -184.569       -2888.360         309.738       -267.890         192.586         -11.185         -86.489
     164000.000           0.000           0.000       -3181.464         321.555          0.000           0.000        -146.885           7.696        -84.053        -207.172       -3118.989         317.698       -291.225         209.360         -11.553         -93.418
     168000.000           0.000           0.000       -3092.945         317.550          0.000           0.000        -149.280           7.913        -71.098        -200.654       -3055.379         315.148       -271.752         186.846         -10.315         -95.221
     172000.000           0.000           0.000       -3053.310         326.075          0.000           0.000        -144.112           8.463        -85.484        -173.119       -2992.473         322.076       -258.603         204.949         -12.462         -66.116
     176000.000           0.000           0.000       -3046.410         318.782          0.000           0.000        -144.959           7.919        -88.765        -202.724       -2996.889         316.002       -291.489         194.480         -10.699        -107.708
     180000.000           0.000           0.000       -3212.672         325.116          0.000           0.000        -146.599           8.021        -84.185        -205.801       -3155.655         321.509       -289.986         203.616         -11.628         -97.998
     184000.000           0.000           0.000       -3077.550         318.648          0.000           0.000        -147.429           8.168        -96.939        -196.845       -3022.282         315.735       -293.784         202.697         -11.081        -102.168
     188000.000           0.000           0.000       -3018.195         328.695          0.000           0.000        -146.900           8.288        -88.009        -183.322       -2962.911         326.062       -271.331         202.184         -10.921         -80.068
     192000.000           0.000           0.000       -3118.084         318.557          0.000           0.000        -151.145           8.207        -69.643        -216.271       -3056.659         315.553       -285.914         212.570         -11.211         -84.555
     196000.000           0.000           0.000       -3018.878         325.985          0.000           0.000        -148.388           8.077        -79.114        -199.685       -2957.537         322.754       -278.799         209.729         -11.308         -80.378
     200000.000           0.000           0.000       -3021.283         324.656          0.000           0.000        -142.916           8.279        -95.174        -191.378       -2964.342         321.282       -286.552         199.857         -11.653         -98.348
