1            14.2543 
2            0.0615 
3            0.0412 
4            -0.0853 
5            0.0718 
6            0.2818 
7            0.3791 
8            0.0952 
9            0.1677 
10           0.3325 
11           0.1068 
12           0.1509 
13           0.2128 
14           0.2397 
15           0.1826 
16           9.6167 
17           -9.1682 
18           8.3857 
19           -0.0451 
20           -0.1017 
21           0.2854 
22           -0.2147 
23           -0.2433 
24           -0.3812 
25           -0.5244 
26           -0.2864 
27           -0.4065 
28           -0.4514 
29           -0.3896 
30           -0.3404 
31           -0.6577 
32           -0.4654 
33           -0.3180 
34           -0.4295 
35           -1.8734 
36           -0.2787 
37           0.0544 
38           0.2359 
39           -0.0853 
40           0.6346 
41           0.3271 
42           0.4405 
43           -0.3504 
44           -0.1307 
45           0.5693 
46           0.4792 
47           -0.1621 
48           0.4282 
49           1.0756 
50           -22.4804 
51           0.2852 
52           0.2078 
53           0.4151 
54           -0.1620 
55           -0.0413 
56           0.0234 
57           0.0683 
58           -0.4067 
59           -0.9395 
60           20.3877 
61           -0.6694 
62           -0.5083 
63           -1.6868 
64           -20.9515 
65           -0.9495 
66           -1.3348 
67           -2.4599 
68           -1.3083 
69           -0.8671 
70           -70.1990 
71           -9.0675 
72           -0.2573 
73           1.7368 
74           1.1058 
75           0.4801 
76           0.7986 
77           1.9138 
78           1.0794 
79           0.9777 
80           0.5202 
81           0.7181 
82           0.6390 
83           0.3922 
84           0.4269 
85           0.3829 
86           0.2699 
87           -11.3834 
88           11.4503 
89           0.2338 
90           0.2226 
91           0.1886 
92           0.1993 
93           0.1573 
94           -0.0120 
95           -0.0738 
96           -0.0564 
97           -0.0015 
98           0.0756 
99           0.0282 
100          0.0645 
101          0.0521 
102          0.0300 
103          -0.0346 
104          -0.0024 
105          -0.0487 
106          -0.2059 
107          -0.2874 
108          9.2865 
109          9.5387 
110          -0.2545 
111          -0.2634 
112          -0.2678 
113          -0.2048 
114          -0.3800 
115          -0.3372 
116          -0.2860 
117          -0.4634 
118          -0.7030 
119          -0.3447 
120          -0.2614 
121          -0.5926 
122          -0.6255 
123          -0.0491 
124          -0.1981 
125          0.1002 
126          0.0408 
127          0.3336 
128          0.6428 
129          0.2755 
130          0.1654 
131          0.1039 
132          0.2091 
133          -0.4001 
134          0.2198 
135          -0.0219 
136          0.1176 
137          -17.1895 
138          -0.5579 
139          -0.5549 
140          0.0106 
141          -0.5180 
142          1.6925 
143          -2.4723 
144          0.0473 
145          -1.3223 
146          -1.0587 
147          -17.3285 
148          -1.6425 
149          -2.8364 
150          -0.9695 
151          0.2168 
152          -3.8719 
153          0.3418 
154          -0.1146 
155          0.3711 
156          -0.5691 
157          -0.1609 
158          0.4033 
159          0.3631 
160          0.6669 
161          0.4247 
162          0.2375 
163          0.3324 
164          0.3921 
165          0.2768 
166          0.2089 
167          0.2593 
168          0.1487 
169          0.1649 
170          10.0561 
171          0.2477 
172          0.1846 
173          0.1212 
174          0.1629 
175          0.1796 
176          9.3865 
177          0.0417 
178          8.0906 
179          7.3816 
180          8.6678 
181          8.4863 
182          0.0021 
183          0.0821 
184          -0.1683 
185          -0.1682 
186          9.3749 
187          -10.1733 
188          8.7245 
189          9.3847 
190          -0.2335 
191          -0.3023 
192          -0.2471 
193          -0.4040 
194          -0.3558 
195          -0.3224 
196          -0.3200 
197          -0.5012 
198          -0.6587 
199          -0.4934 
200          -0.4867 
201          -0.9820 
202          -1.0519 
203          -0.4725 
204          -0.4713 
205          -3.7708 
206          -1.1194 
207          -0.0132 
208          -6.1994 
209          -3.5394 
210          -0.1551 
211          0.7211 
212          -3.8482 
213          0.0588 
214          0.4819 
215          1.1635 
216          1.1723 
217          1.0654 
218          0.5822 
219          0.2014 
220          -0.2043 
221          0.0006 
222          0.1875 
223          0.1366 
224          -1.1451 
225          -1.0466 
226          -18.2809 
227          -0.7850 
228          -3.3543 
229          -1.8489 
230          -0.7109 
231          -1.8263 
232          -4.8387 
233          -1.7548 
234          0.4456 
235          3.0379 
236          -0.9625 
237          0.5796 
238          2.6679 
239          1.4666 
240          0.5320 
241          0.6844 
242          1.0772 
243          0.3619 
244          0.4012 
245          0.4233 
246          0.3300 
247          0.3043 
248          0.3213 
249          0.2379 
250          0.1982 
251          -0.0050 
252          -9.4668 
253          0.1270 
254          10.1837 
255          8.5094 
256          0.0567 
257          0.0972 
258          0.0893 
259          8.4145 
260          -9.0105 
261          5.2420 
