#Time E_VdW_mm(Protein)	E_Elec_mm(Protein)	E_Pol(Protein)	E_Apol(Protein)	E_VdW_mm(Ligand)	E_Elec_mm(Ligand)	E_Pol(Ligand)	E_Apol(Ligand)	E_VdW_mm(Complex)	E_Elec_mm(Complex)	E_Pol(Complex)	E_Apol(Complex)	Delta_E_mm	Delta_E_Pol	Delta_E_Apol	Delta_E_binding

#Complex 1
          0.000           0.000           0.000       -3321.935         321.919          0.000           0.000        -146.982           7.692        -73.789        -177.721       -3263.132         318.922       -251.510         205.785         -10.689         -56.414
       4000.000           0.000           0.000       -3238.017         334.959          0.000           0.000        -143.601           8.517        -85.642        -162.659       -3176.057         330.851       -248.301         205.561         -12.625         -55.365
       8000.000           0.000           0.000       -3256.411         320.118          0.000           0.000        -144.322           7.839        -88.834        -173.371       -3197.988         315.561       -262.205         202.745         -12.396         -71.856
      12000.000           0.000           0.000       -3193.035         321.036          0.000           0.000        -144.660           8.276        -93.742        -147.094       -3138.917         317.335       -240.836         198.778         -11.977         -54.035
      16000.000           0.000           0.000       -3236.272         328.356          0.000           0.000        -144.468           8.451        -77.698        -169.549       -3176.432         324.281       -247.247         204.308         -12.526         -55.465
      20000.000           0.000           0.000       -3209.621         320.085          0.000           0.000        -145.809           8.626        -94.585        -188.904       -3146.007         316.647       -283.489         209.423         -12.064         -86.130
      24000.000           0.000           0.000       -3293.447         326.317          0.000           0.000        -146.950           8.244        -85.451        -177.646       -3225.619         322.974       -263.097         214.778         -11.587         -59.906
      28000.000           0.000           0.000       -3297.831         339.472          0.000           0.000        -143.524           7.433        -95.087        -177.642       -3241.307         335.749       -272.729         200.048         -11.156         -83.837
      32000.000           0.000           0.000       -3180.623         333.284          0.000           0.000        -143.639           8.242        -84.212        -167.845       -3113.304         328.995       -252.057         210.958         -12.531         -53.630
      36000.000           0.000           0.000       -3113.436         323.976          0.000           0.000        -143.037           7.734        -87.797        -173.481       -3050.217         319.781       -261.278         206.256         -11.929         -66.951
      40000.000           0.000           0.000       -3406.025         323.698          0.000           0.000        -143.870           8.773        -95.335        -143.706       -3351.657         320.047       -239.041         198.238         -12.424         -53.227
      44000.000           0.000           0.000       -3234.006         322.084          0.000           0.000        -146.562           8.457       -104.548        -173.279       -3173.571         318.549       -277.827         206.997         -11.992         -82.822
      48000.000           0.000           0.000       -3329.048         325.110          0.000           0.000        -144.662           8.409        -92.844        -150.026       -3267.711         320.995       -242.870         205.999         -12.524         -49.395
      52000.000           0.000           0.000       -3262.482         324.407          0.000           0.000        -145.904           8.643        -82.702        -170.991       -3199.129         320.762       -253.693         209.257         -12.288         -56.724
      56000.000           0.000           0.000       -3343.619         332.451          0.000           0.000        -145.661           8.636        -82.732        -171.998       -3275.695         328.688       -254.730         213.585         -12.399         -53.544
      60000.000           0.000           0.000       -3349.591         321.266          0.000           0.000        -144.799           8.328        -63.591        -178.962       -3289.425         317.873       -242.553         204.965         -11.721         -49.309
      64000.000           0.000           0.000       -3335.555         330.815          0.000           0.000        -146.673           8.036        -85.835        -173.146       -3271.437         326.569       -258.981         210.791         -12.282         -60.472
      68000.000           0.000           0.000       -3356.951         323.836          0.000           0.000        -142.752           7.776       -103.133        -157.193       -3296.912         320.302       -260.326         202.791         -11.310         -68.845
      72000.000           0.000           0.000       -3363.217         317.080          0.000           0.000        -145.797           8.055        -96.262        -144.753       -3301.155         313.659       -241.015         207.859         -11.476         -44.632
      76000.000           0.000           0.000       -3305.787         323.111          0.000           0.000        -144.192           8.206        -95.601        -139.827       -3245.880         320.165       -235.428         204.099         -11.152         -42.481
      80000.000           0.000           0.000       -3374.527         322.592          0.000           0.000        -148.491           8.277        -89.741        -183.215       -3314.926         319.011       -272.956         208.092         -11.858         -76.722
      84000.000           0.000           0.000       -3150.305         321.403          0.000           0.000        -144.404           8.061        -89.826        -185.797       -3085.513         318.025       -275.623         209.196         -11.439         -77.866
      88000.000           0.000           0.000       -3153.752         318.274          0.000           0.000        -144.916           8.111        -96.975        -130.565       -3096.839         315.078       -227.540         201.829         -11.307         -37.018
      92000.000           0.000           0.000       -3137.035         319.577          0.000           0.000        -146.428           8.037        -95.331        -170.128       -3077.265         315.619       -265.459         206.198         -11.995         -71.256
      96000.000           0.000           0.000       -3181.830         325.427          0.000           0.000        -145.587           7.789       -102.081        -152.728       -3126.041         321.795       -254.809         201.376         -11.421         -64.854
     100000.000           0.000           0.000       -3272.330         323.906          0.000           0.000        -147.682           8.189        -94.097        -173.104       -3221.070         319.925       -267.201         198.942         -12.170         -80.429
     104000.000           0.000           0.000       -3144.400         312.449          0.000           0.000        -146.381           8.236        -89.876        -158.535       -3085.843         308.088       -248.411         204.938         -12.597         -56.070
     108000.000           0.000           0.000       -3133.799         321.405          0.000           0.000        -145.615           8.103        -91.463        -173.032       -3073.118         318.892       -264.495         206.296         -10.616         -68.815
     112000.000           0.000           0.000       -3370.033         322.105          0.000           0.000        -148.819           7.881       -100.143        -169.540       -3303.118         318.118       -269.683         215.734         -11.868         -65.817
     116000.000           0.000           0.000       -3167.408         315.922          0.000           0.000        -146.126           7.665        -81.172        -180.769       -3109.890         312.390       -261.941         203.644         -11.197         -69.494
     120000.000           0.000           0.000       -2988.058         310.918          0.000           0.000        -147.584           7.340        -99.104        -175.477       -2936.644         307.422       -274.581         198.998         -10.836         -86.419
     124000.000           0.000           0.000       -3051.990         315.847          0.000           0.000        -147.627           7.984        -80.109        -175.618       -2987.603         312.183       -255.727         212.014         -11.648         -55.361
     128000.000           0.000           0.000       -3107.832         321.004          0.000           0.000        -143.249           7.987       -103.947        -151.269       -3038.495         317.377       -255.216         212.586         -11.614         -54.244
     132000.000           0.000           0.000       -3215.886         331.840          0.000           0.000        -142.741           8.275        -81.562        -175.538       -3150.822         329.154       -257.100         207.805         -10.961         -60.256
     136000.000           0.000           0.000       -3153.369         316.107          0.000           0.000        -143.050           8.431        -79.357        -182.055       -3088.689         312.977       -261.412         207.730         -11.561         -65.243
     140000.000           0.000           0.000       -3081.102         312.662          0.000           0.000        -143.566           8.340        -73.155        -185.465       -3014.304         309.838       -258.620         210.364         -11.164         -59.420
     144000.000           0.000           0.000       -3092.780         312.205          0.000           0.000        -147.170           7.970       -108.971        -168.389       -3036.001         309.042       -277.360         203.949         -11.133         -84.544
     148000.000           0.000           0.000       -3104.341         314.842          0.000           0.000        -142.948           7.954        -89.184        -166.269       -3045.155         311.190       -255.453         202.134         -11.606         -64.925
     152000.000           0.000           0.000       -3336.350         323.119          0.000           0.000        -146.574           8.169        -99.116        -173.044       -3276.872         319.666       -272.160         206.052         -11.622         -77.730
     156000.000           0.000           0.000       -3226.039         325.899          0.000           0.000        -144.517           7.881       -102.432        -146.547       -3165.619         322.004       -248.979         204.937         -11.776         -55.818
     160000.000           0.000           0.000       -3010.332         323.833          0.000           0.000        -144.937           8.472        -93.306        -177.431       -2951.573         320.515       -270.737         203.696         -11.790         -78.831
     164000.000           0.000           0.000       -3024.178         326.252          0.000           0.000        -145.739           8.688        -91.708        -153.529       -2966.121         322.428       -245.237         203.796         -12.512         -53.953
     168000.000           0.000           0.000       -3107.202         317.298          0.000           0.000        -141.295           8.409        -96.244        -176.977       -3050.126         313.598       -273.221         198.371         -12.109         -86.959
     172000.000           0.000           0.000       -3097.141         322.309          0.000           0.000        -144.260           8.021        -87.689        -172.203       -3029.806         318.915       -259.892         211.595         -11.415         -59.712
     176000.000           0.000           0.000       -3155.362         331.730          0.000           0.000        -144.733           8.419        -99.276        -184.158       -3099.841         327.631       -283.434         200.254         -12.518         -95.698
     180000.000           0.000           0.000       -3145.021         327.094          0.000           0.000        -143.144           8.006        -99.800        -167.456       -3079.426         324.325       -267.256         208.739         -10.775         -69.292
     184000.000           0.000           0.000       -3056.464         323.163          0.000           0.000        -144.890           8.633        -79.319        -174.661       -2991.818         319.939       -253.980         209.536         -11.857         -56.301
     188000.000           0.000           0.000       -3083.605         323.486          0.000           0.000        -145.295           8.347       -102.873        -176.436       -3019.082         320.239       -279.309         209.818         -11.594         -81.085
     192000.000           0.000           0.000       -3136.665         320.936          0.000           0.000        -143.404           8.145        -88.841        -180.565       -3071.058         317.092       -269.406         209.011         -11.989         -72.384
     196000.000           0.000           0.000       -3102.456         323.942          0.000           0.000        -144.584           8.212        -75.822        -183.960       -3041.251         320.320       -259.782         205.789         -11.834         -65.827
     200000.000           0.000           0.000       -3234.403         332.677          0.000           0.000        -144.572           8.423        -95.190        -172.681       -3170.753         329.349       -267.871         208.222         -11.751         -71.400
