1            14.6084 
2            0.0634 
3            -0.0057 
4            -0.0826 
5            0.0976 
6            0.3275 
7            0.5096 
8            0.1005 
9            0.1831 
10           0.3411 
11           0.1033 
12           0.1301 
13           0.2152 
14           0.2476 
15           0.1845 
16           9.8398 
17           -9.2637 
18           8.5451 
19           -0.0469 
20           -0.1032 
21           0.2883 
22           -0.2181 
23           -0.1279 
24           -0.3320 
25           -0.5234 
26           -0.2727 
27           -0.4146 
28           -0.4745 
29           -0.4183 
30           -0.4633 
31           -0.6821 
32           -0.5359 
33           -0.3677 
34           -0.5133 
35           -0.1502 
36           -0.3287 
37           0.0095 
38           0.3156 
39           -0.0098 
40           0.2557 
41           0.2738 
42           0.4806 
43           -0.3098 
44           -0.1226 
45           0.4358 
46           0.3005 
47           -0.2229 
48           0.3046 
49           1.1588 
50           -24.5741 
51           0.2890 
52           0.9265 
53           0.6733 
54           -0.7413 
55           0.2616 
56           0.0386 
57           0.1338 
58           -0.3257 
59           -1.0110 
60           19.0499 
61           -0.7521 
62           -0.5518 
63           -1.9185 
64           -22.6838 
65           -0.9626 
66           -1.2563 
67           -2.5265 
68           -1.2406 
69           -0.5968 
70           -68.8669 
71           -7.8117 
72           -0.0069 
73           1.5633 
74           0.4141 
75           0.6090 
76           0.8390 
77           1.9770 
78           0.9581 
79           1.1213 
80           1.5191 
81           0.7194 
82           0.6334 
83           0.3903 
84           0.4357 
85           0.3929 
86           0.2695 
87           -11.0704 
88           11.3489 
89           0.1920 
90           0.2113 
91           0.1909 
92           0.2005 
93           0.1707 
94           -0.0353 
95           -0.0644 
96           -0.0548 
97           -0.1082 
98           0.0415 
99           -0.0997 
100          0.0567 
101          0.0247 
102          -0.1094 
103          -0.0471 
104          -0.0825 
105          0.0272 
106          -0.2440 
107          -0.2644 
108          9.1404 
109          10.6456 
110          -0.2442 
111          -0.2691 
112          -0.2652 
113          -0.2929 
114          -0.3710 
115          -0.3347 
116          -0.2384 
117          -0.4407 
118          -0.6986 
119          -0.3264 
120          -0.3060 
121          -0.6869 
122          -0.6333 
123          -0.0766 
124          -0.4813 
125          0.2662 
126          -0.0208 
127          0.3201 
128          0.8826 
129          0.2452 
130          0.3139 
131          0.6773 
132          0.4776 
133          -0.3550 
134          0.0839 
135          -0.0727 
136          -0.2412 
137          -17.5717 
138          0.6887 
139          0.1405 
140          1.2315 
141          1.9927 
142          1.1658 
143          -1.9320 
144          0.1826 
145          -1.2936 
146          -0.7799 
147          -16.6144 
148          -0.9190 
149          -2.0735 
150          -0.7982 
151          0.1361 
152          -4.3157 
153          -2.4589 
154          -0.3418 
155          0.1771 
156          -1.9881 
157          -0.0760 
158          0.5878 
159          0.4060 
160          0.6771 
161          0.3951 
162          0.2224 
163          0.3343 
164          0.4445 
165          0.2724 
166          0.2300 
167          0.3008 
168          0.1773 
169          0.1778 
170          9.8126 
171          0.2493 
172          0.1819 
173          0.1440 
174          0.1696 
175          0.1517 
176          9.1169 
177          -0.0408 
178          7.3700 
179          7.3735 
180          8.7157 
181          8.2824 
182          -0.0157 
183          0.0713 
184          -0.1667 
185          -0.1682 
186          8.9921 
187          -10.1742 
188          8.8711 
189          9.4482 
190          -0.2460 
191          -0.3355 
192          -0.2107 
193          -0.3000 
194          -0.3719 
195          -0.3054 
196          -0.3157 
197          -0.4942 
198          -0.6467 
199          -0.4141 
200          -0.5276 
201          -1.0163 
202          -0.9536 
203          -0.5255 
204          -0.6927 
205          -2.5692 
206          -0.9159 
207          0.0619 
208          -4.7570 
209          -3.0785 
210          -0.1258 
211          1.5453 
212          -0.6548 
213          -0.1318 
214          0.4120 
215          2.1224 
216          0.0061 
217          -0.6067 
218          0.1809 
219          -0.1447 
220          0.8923 
221          0.1882 
222          0.2134 
223          -0.2415 
224          -1.1722 
225          -1.0199 
226          -18.6551 
227          -0.8754 
228          -2.3229 
229          -2.1006 
230          -0.8090 
231          -2.2133 
232          -5.0472 
233          -1.7132 
234          0.4112 
235          3.4393 
236          -0.7575 
237          0.7333 
238          0.7566 
239          1.8552 
240          0.6076 
241          0.7730 
242          1.2413 
243          0.4085 
244          0.4186 
245          0.4407 
246          0.3903 
247          0.3260 
248          0.3315 
249          0.2422 
250          0.0989 
251          -0.0767 
252          -9.4506 
253          0.0205 
254          10.3636 
255          8.9250 
256          -0.0006 
257          -0.0154 
258          -0.0133 
259          10.5215 
260          -12.3853 
261          3.3092 
