1            10.6645 
2            -0.0982 
3            -0.1694 
4            -0.2671 
5            -0.0167 
6            0.2766 
7            0.5040 
8            0.1790 
9            0.1946 
10           0.2653 
11           0.1811 
12           0.1656 
13           0.1762 
14           0.1997 
15           0.1680 
16           8.7965 
17           -8.2709 
18           7.6233 
19           -0.0178 
20           -0.0681 
21           0.2363 
22           -0.1670 
23           -0.1533 
24           -0.1035 
25           -0.3680 
26           -0.2158 
27           -0.2573 
28           -0.2922 
29           -0.2898 
30           -0.3261 
31           -0.3866 
32           -0.3600 
33           -0.2783 
34           -0.3152 
35           -1.1776 
36           -0.3584 
37           -0.3330 
38           -0.4281 
39           -0.3099 
40           0.1188 
41           -0.2697 
42           -1.1747 
43           -1.2869 
44           -0.6882 
45           -0.4255 
46           -5.8290 
47           -1.4216 
48           0.1150 
49           -0.4862 
50           -40.8215 
51           0.0955 
52           1.3987 
53           1.1111 
54           -1.1468 
55           0.0942 
56           0.0631 
57           0.8216 
58           0.6252 
59           -0.7741 
60           23.4199 
61           -0.6036 
62           -0.1939 
63           -1.0183 
64           -22.2250 
65           -0.2746 
66           -2.1409 
67           -3.3424 
68           -0.2526 
69           0.2144 
70           -46.1471 
71           -0.1571 
72           0.2989 
73           0.8380 
74           0.7930 
75           0.3662 
76           0.4022 
77           0.6224 
78           0.5987 
79           0.6786 
80           0.8351 
81           0.4486 
82           0.3891 
83           0.2447 
84           0.2849 
85           0.2784 
86           0.2020 
87           -9.5546 
88           9.6070 
89           0.1509 
90           0.1548 
91           0.1470 
92           0.1443 
93           0.1371 
94           -0.0152 
95           -0.0433 
96           -0.0354 
97           0.0477 
98           0.0614 
99           -0.0010 
100          0.0344 
101          0.0406 
102          0.0311 
103          -0.0215 
104          -0.0023 
105          -0.0670 
106          -0.1458 
107          -0.2115 
108          7.8169 
109          8.3543 
110          -0.1828 
111          -0.1998 
112          -0.2061 
113          -0.1787 
114          -0.2685 
115          -0.2559 
116          -0.2148 
117          -0.3120 
118          -0.4695 
119          -0.2787 
120          -0.2728 
121          -0.4438 
122          -0.4385 
123          -0.1615 
124          -0.2192 
125          -0.2369 
126          -0.0467 
127          0.1522 
128          0.3214 
129          -0.0063 
130          0.1364 
131          0.4023 
132          0.2158 
133          0.3441 
134          0.0923 
135          -0.2518 
136          0.0674 
137          -21.5226 
138          -0.8982 
139          -0.7409 
140          1.5613 
141          0.3375 
142          -2.4843 
143          -0.1213 
144          0.4891 
145          -0.7098 
146          -0.4179 
147          -16.8470 
148          0.2598 
149          0.0438 
150          -0.3595 
151          0.3141 
152          0.2656 
153          0.3000 
154          0.0038 
155          0.3369 
156          0.0812 
157          0.6008 
158          0.3137 
159          0.2537 
160          0.4795 
161          0.3850 
162          0.2317 
163          0.2443 
164          0.3706 
165          0.2692 
166          0.1826 
167          0.2301 
168          0.1866 
169          0.1678 
170          8.9701 
171          0.2056 
172          0.1520 
173          0.1319 
174          0.1438 
175          0.1558 
176          8.4191 
177          -0.0217 
178          6.8280 
179          7.9022 
180          6.4806 
181          6.6881 
182          0.0347 
183          0.0693 
184          -0.1288 
185          -0.1297 
186          7.7827 
187          -8.6734 
188          7.6219 
189          7.8063 
190          -0.1527 
191          -0.2283 
192          -0.1560 
193          -0.2830 
194          -0.2282 
195          -0.2238 
196          -0.2415 
197          -0.3043 
198          -0.3792 
199          -0.3210 
200          -0.2981 
201          -0.4143 
202          -0.5156 
203          -0.3194 
204          -0.3828 
205          -0.5387 
206          -0.5021 
207          -0.2065 
208          -0.3345 
209          -0.5819 
210          -0.2523 
211          -0.0165 
212          -0.7721 
213          -0.2808 
214          0.2120 
215          0.4266 
216          -0.4748 
217          -0.2034 
218          -0.2373 
219          -0.0870 
220          0.0074 
221          -0.2621 
222          0.2523 
223          -0.5134 
224          -0.9161 
225          -1.0474 
226          -25.9104 
227          -0.3672 
228          -0.7502 
229          -0.7046 
230          -0.1738 
231          0.4230 
232          -0.4230 
233          0.8896 
234          0.2871 
235          0.9799 
236          -0.2610 
237          0.4273 
238          1.2568 
239          0.7988 
240          0.3943 
241          0.4159 
242          0.4958 
243          0.3010 
244          0.3165 
245          0.3165 
246          0.2299 
247          0.2359 
248          0.2421 
249          0.1855 
250          0.2238 
251          0.0070 
252          -8.2715 
253          0.0753 
254          9.1025 
255          7.5755 
256          -0.0622 
257          0.0171 
258          -0.0059 
259          8.5794 
260          -10.0870 
261          -39.9011 
