1            11.3956 
2            -0.2220 
3            -0.0279 
4            -0.1460 
5            -0.0125 
6            0.2499 
7            0.4716 
8            0.1715 
9            0.1887 
10           0.2544 
11           0.1408 
12           0.1513 
13           0.1715 
14           0.1891 
15           0.1637 
16           8.6080 
17           -8.0898 
18           7.5763 
19           -0.0107 
20           -0.0491 
21           0.2390 
22           -0.1520 
23           -0.1725 
24           -0.2087 
25           -0.3495 
26           -0.2139 
27           -0.2535 
28           -0.2802 
29           -0.2752 
30           -0.3413 
31           -0.3764 
32           -0.3371 
33           -0.3049 
34           -0.3831 
35           -0.2883 
36           -0.3760 
37           -0.3843 
38           -0.5053 
39           -0.3107 
40           0.0217 
41           -0.4236 
42           -1.5335 
43           -1.4050 
44           -0.6830 
45           -0.3979 
46           -7.4413 
47           -1.4586 
48           0.1236 
49           -0.5430 
50           -51.6606 
51           -0.0211 
52           0.4153 
53           0.5818 
54           -6.7513 
55           -0.3535 
56           -1.6216 
57           0.2492 
58           -0.6318 
59           -1.3033 
60           24.0970 
61           -0.5501 
62           -0.0930 
63           -1.7546 
64           -21.8834 
65           -0.1441 
66           -2.3179 
67           -2.6212 
68           -0.0177 
69           0.3750 
70           -44.0028 
71           0.1445 
72           0.4067 
73           0.9470 
74           1.0874 
75           0.4916 
76           0.4274 
77           0.6664 
78           0.4611 
79           0.5834 
80           0.6800 
81           0.3535 
82           0.3406 
83           0.2225 
84           0.2441 
85           0.2256 
86           0.1772 
87           -8.9426 
88           9.1434 
89           0.1381 
90           0.1484 
91           0.1326 
92           0.1356 
93           0.1258 
94           -0.0338 
95           -0.0521 
96           -0.0349 
97           -0.1135 
98           -0.0557 
99           -0.0243 
100          0.0206 
101          0.0077 
102          0.0063 
103          -0.0432 
104          -0.0252 
105          -0.0569 
106          -0.1497 
107          -0.1706 
108          7.5965 
109          8.6367 
110          -0.1715 
111          -0.1915 
112          -0.2047 
113          -0.1420 
114          -0.2327 
115          -0.2519 
116          -0.1897 
117          -0.2441 
118          -0.4355 
119          -0.2635 
120          -0.2298 
121          -0.3671 
122          -0.4042 
123          -0.1610 
124          -0.1644 
125          -0.2353 
126          -0.1977 
127          0.0032 
128          0.2332 
129          -0.0635 
130          0.0889 
131          0.3839 
132          0.2981 
133          0.3276 
134          0.1349 
135          0.1054 
136          -0.0470 
137          -23.2609 
138          -1.3312 
139          -2.9712 
140          1.1251 
141          -1.2073 
142          1.0593 
143          0.2345 
144          0.4489 
145          -0.2834 
146          -0.2421 
147          -14.8342 
148          0.2084 
149          0.1245 
150          -0.1687 
151          0.2852 
152          0.1044 
153          0.2397 
154          -0.0135 
155          0.2471 
156          0.1769 
157          0.3222 
158          0.5064 
159          0.2426 
160          0.3537 
161          0.2827 
162          0.1730 
163          0.2083 
164          0.1869 
165          0.1964 
166          0.1526 
167          0.1967 
168          0.1477 
169          0.1309 
170          8.0984 
171          0.1730 
172          0.0865 
173          0.1041 
174          0.1203 
175          0.1329 
176          7.7487 
177          0.0349 
178          6.7234 
179          7.2850 
180          7.1277 
181          6.3251 
182          -0.0001 
183          0.0440 
184          -0.1079 
185          -0.1184 
186          7.8820 
187          -8.4538 
188          7.5323 
189          8.2215 
190          -0.1704 
191          -0.2184 
192          -0.1681 
193          -0.1955 
194          -0.2424 
195          -0.2204 
196          -0.2331 
197          -0.3107 
198          -0.3876 
199          -0.3054 
200          -0.3127 
201          -0.4306 
202          -0.5314 
203          -0.3613 
204          -0.3744 
205          -0.9649 
206          -0.4969 
207          -0.1420 
208          -0.2258 
209          -0.2874 
210          -0.1360 
211          0.4783 
212          -0.0784 
213          -0.1798 
214          0.2957 
215          1.4233 
216          -0.1551 
217          0.4001 
218          0.0543 
219          0.2714 
220          -0.1417 
221          0.0111 
222          0.2272 
223          -0.6147 
224          -1.1811 
225          -1.6889 
226          -31.3831 
227          -0.2124 
228          0.1543 
229          -0.6550 
230          0.0085 
231          0.3091 
232          -1.1027 
233          1.6571 
234          0.4876 
235          1.1247 
236          -0.3361 
237          0.3850 
238          1.1097 
239          0.6360 
240          0.3908 
241          0.3539 
242          0.4566 
243          0.3068 
244          0.2981 
245          0.2621 
246          0.2998 
247          0.2478 
248          0.1982 
249          0.1679 
250          0.0359 
251          -0.0762 
252          -8.3470 
253          0.0070 
254          9.1608 
255          7.9123 
256          -0.0158 
257          -0.0553 
258          -0.0815 
259          8.9979 
260          -9.6651 
261          -40.3177 
