1            13.8195 
2            -0.0578 
3            -0.1114 
4            -0.1324 
5            0.0351 
6            0.2494 
7            0.2429 
8            0.0728 
9            0.1599 
10           0.3372 
11           0.0931 
12           0.1608 
13           0.2170 
14           0.2642 
15           0.1956 
16           9.7240 
17           -9.3595 
18           8.7260 
19           -0.0616 
20           -0.1246 
21           0.2811 
22           -0.2339 
23           -0.2569 
24           -0.3820 
25           -0.5691 
26           -0.2570 
27           -0.4344 
28           -0.4612 
29           -0.4044 
30           -0.5134 
31           -0.6866 
32           -0.4433 
33           -0.2865 
34           -0.4053 
35           -1.8959 
36           -0.3397 
37           0.0550 
38           0.3121 
39           0.0891 
40           0.4343 
41           0.4710 
42           0.4317 
43           -0.1568 
44           -0.0976 
45           1.5652 
46           0.8050 
47           -0.0266 
48           0.4003 
49           0.9852 
50           -21.1816 
51           0.2824 
52           0.7555 
53           0.1771 
54           0.0861 
55           0.2664 
56           -0.2955 
57           0.0979 
58           0.4926 
59           -0.6851 
60           18.9472 
61           -0.6824 
62           -0.5624 
63           -1.2077 
64           -20.3557 
65           -0.9269 
66           -1.3306 
67           -2.2271 
68           -1.3393 
69           -0.8362 
70           -70.9627 
71           -8.7496 
72           -0.2695 
73           1.5850 
74           0.5020 
75           1.1982 
76           0.8073 
77           2.1271 
78           1.1400 
79           0.8043 
80           1.6665 
81           0.8206 
82           0.7244 
83           0.4154 
84           0.4617 
85           0.5009 
86           0.3196 
87           -11.4921 
88           11.6692 
89           0.1625 
90           0.2315 
91           0.2036 
92           0.1930 
93           0.1775 
94           -0.0271 
95           -0.0678 
96           -0.0631 
97           -0.0161 
98           0.0582 
99           -0.0430 
100          0.0268 
101          0.0490 
102          -0.0989 
103          -0.0359 
104          -0.0073 
105          -0.0349 
106          -0.1974 
107          -0.2639 
108          9.2607 
109          10.8842 
110          -0.2797 
111          -0.2738 
112          -0.2721 
113          -0.2926 
114          -0.4148 
115          -0.3336 
116          -0.2972 
117          -0.5859 
118          -0.7532 
119          -0.3479 
120          -0.4062 
121          -0.6758 
122          -0.6459 
123          0.0447 
124          -0.0146 
125          0.4832 
126          0.0158 
127          0.3895 
128          0.8021 
129          0.3087 
130          0.2334 
131          0.2439 
132          -0.1575 
133          -0.6010 
134          -0.1993 
135          -0.0104 
136          0.0431 
137          -16.1076 
138          -0.6273 
139          -0.6040 
140          0.0504 
141          -0.5454 
142          2.4481 
143          -2.0072 
144          0.0280 
145          -0.9374 
146          -0.7532 
147          -16.8326 
148          -2.0524 
149          -3.2649 
150          -1.0585 
151          -0.1863 
152          -5.5608 
153          -1.7037 
154          -0.4818 
155          0.4994 
156          -2.3243 
157          -0.3689 
158          0.6431 
159          0.4803 
160          0.8563 
161          0.4905 
162          0.2591 
163          0.4015 
164          0.4369 
165          0.2939 
166          0.2480 
167          0.3362 
168          0.2158 
169          0.1909 
170          10.0578 
171          0.2696 
172          0.1851 
173          0.1461 
174          0.1853 
175          0.1934 
176          9.4302 
177          -0.0668 
178          7.6671 
179          8.8163 
180          7.2604 
181          7.5229 
182          0.0617 
183          0.0781 
184          -0.1750 
185          -0.1790 
186          9.0537 
187          -10.3264 
188          9.0563 
189          9.6006 
190          -0.2515 
191          -0.3355 
192          -0.2232 
193          -0.4575 
194          -0.3712 
195          -0.3370 
196          -0.3323 
197          -0.4714 
198          -0.6428 
199          -0.4842 
200          -0.4494 
201          -0.9452 
202          -1.0419 
203          -0.4481 
204          -0.5001 
205          -3.7478 
206          -1.0394 
207          0.1264 
208          -5.5135 
209          -2.3810 
210          -0.1085 
211          1.6624 
212          -1.8214 
213          0.1361 
214          0.4103 
215          1.9544 
216          0.3023 
217          0.4979 
218          -0.3047 
219          -0.1694 
220          -0.2161 
221          0.3012 
222          0.0414 
223          0.1294 
224          -1.0855 
225          -1.0151 
226          -17.9913 
227          -0.8847 
228          -2.6972 
229          -2.3451 
230          -0.7091 
231          -1.9630 
232          -4.8982 
233          -1.9238 
234          0.3968 
235          3.0426 
236          -0.0518 
237          0.6191 
238          2.4601 
239          1.6556 
240          0.5162 
241          0.7060 
242          1.0960 
243          0.3221 
244          0.3857 
245          0.4488 
246          0.3587 
247          0.3088 
248          0.3435 
249          0.2422 
250          0.3018 
251          0.0457 
252          -9.3871 
253          0.1498 
254          10.3311 
255          8.7353 
256          0.0850 
257          0.1075 
258          0.0960 
259          8.7332 
260          -8.9035 
261          13.9150 
