#Time E_VdW_mm(Protein)	E_Elec_mm(Protein)	E_Pol(Protein)	E_Apol(Protein)	E_VdW_mm(Ligand)	E_Elec_mm(Ligand)	E_Pol(Ligand)	E_Apol(Ligand)	E_VdW_mm(Complex)	E_Elec_mm(Complex)	E_Pol(Complex)	E_Apol(Complex)	Delta_E_mm	Delta_E_Pol	Delta_E_Apol	Delta_E_binding

#Complex 1
          0.000           0.000           0.000       -3185.131         330.102          0.000           0.000        -146.655           8.149        -80.576        -171.901       -3132.031         326.415       -252.477         199.755         -11.836         -64.558
       3000.000           0.000           0.000       -3094.610         322.799          0.000           0.000        -145.471           8.543       -109.260        -153.850       -3032.112         318.458       -263.110         207.969         -12.884         -68.025
       6000.000           0.000           0.000       -3058.833         332.433          0.000           0.000        -146.666           8.052        -91.833        -125.154       -3013.893         328.856       -216.987         191.606         -11.629         -37.010
       9000.000           0.000           0.000       -3140.261         331.825          0.000           0.000        -145.639           7.849        -85.559        -146.334       -3083.103         327.942       -231.893         202.797         -11.732         -40.828
      12000.000           0.000           0.000       -3071.930         328.475          0.000           0.000        -150.980           8.018        -66.678        -150.897       -3019.220         325.099       -217.575         203.690         -11.394         -25.279
      15000.000           0.000           0.000       -3091.327         335.854          0.000           0.000        -149.619           8.235        -77.753        -166.273       -3032.537         332.813       -244.026         208.409         -11.276         -46.893
      18000.000           0.000           0.000       -3020.589         328.742          0.000           0.000        -143.899           8.337        -79.809        -136.429       -2969.873         325.264       -216.238         194.615         -11.815         -33.438
      21000.000           0.000           0.000       -3259.338         318.593          0.000           0.000        -144.509           8.750        -95.177        -145.870       -3205.986         315.697       -241.047         197.861         -11.646         -54.832
      24000.000           0.000           0.000       -3362.292         331.137          0.000           0.000        -149.462           8.046        -86.546        -134.666       -3308.770         327.634       -221.212         202.984         -11.549         -29.777
      27000.000           0.000           0.000       -3262.069         327.233          0.000           0.000        -144.868           7.506        -82.345        -134.959       -3215.447         323.615       -217.304         191.490         -11.124         -36.938
      30000.000           0.000           0.000       -3243.633         329.849          0.000           0.000        -148.979           7.650       -105.310        -135.357       -3179.482         326.273       -240.667         213.130         -11.226         -38.763
      33000.000           0.000           0.000       -3254.873         333.754          0.000           0.000        -147.659           8.194        -88.194        -125.058       -3208.634         330.377       -213.252         193.898         -11.571         -30.925
      36000.000           0.000           0.000       -3373.227         333.017          0.000           0.000        -146.882           7.781        -86.778        -155.718       -3311.758         328.890       -242.496         208.351         -11.908         -46.053
      39000.000           0.000           0.000       -3341.918         332.729          0.000           0.000        -148.330           7.659       -102.785        -126.846       -3282.365         329.171       -229.631         207.883         -11.217         -32.965
      42000.000           0.000           0.000       -3319.369         324.910          0.000           0.000        -145.531           7.360        -86.890        -120.038       -3273.779         321.636       -206.928         191.121         -10.634         -26.441
      45000.000           0.000           0.000       -3451.404         329.642          0.000           0.000        -147.058           8.349        -93.323        -128.854       -3404.005         326.309       -222.177         194.457         -11.682         -39.402
      48000.000           0.000           0.000       -3296.561         333.734          0.000           0.000        -147.441           7.872        -92.376        -127.897       -3247.532         330.127       -220.273         196.470         -11.479         -35.282
      51000.000           0.000           0.000       -3275.976         330.247          0.000           0.000        -145.847           7.925       -110.360        -152.701       -3224.108         327.033       -263.061         197.715         -11.139         -76.485
      54000.000           0.000           0.000       -3196.262         329.157          0.000           0.000        -146.700           8.106        -84.224        -150.371       -3151.604         324.886       -234.595         191.358         -12.377         -55.614
      57000.000           0.000           0.000       -3359.007         333.258          0.000           0.000        -147.844           7.302       -103.976        -143.582       -3297.413         329.775       -247.558         209.438         -10.785         -48.905
      60000.000           0.000           0.000       -3331.071         332.471          0.000           0.000        -144.185           7.804        -98.721        -129.832       -3280.447         328.437       -228.553         194.809         -11.838         -45.582
      63000.000           0.000           0.000       -3261.298         324.329          0.000           0.000        -144.010           7.926        -84.682        -140.123       -3210.599         320.759       -224.805         194.709         -11.496         -41.592
      66000.000           0.000           0.000       -3382.843         328.386          0.000           0.000        -146.795           8.035        -99.712        -156.622       -3324.424         323.921       -256.334         205.214         -12.500         -63.620
      69000.000           0.000           0.000       -3204.991         330.577          0.000           0.000        -145.353           8.006        -86.240        -130.706       -3161.670         326.759       -216.946         188.674         -11.824         -40.096
      72000.000           0.000           0.000       -3338.414         329.035          0.000           0.000        -144.613           8.119       -102.203        -136.312       -3291.771         324.906       -238.515         191.256         -12.248         -59.507
      75000.000           0.000           0.000       -3235.182         327.695          0.000           0.000        -146.227           8.003       -102.244        -131.128       -3185.652         323.909       -233.372         195.757         -11.789         -49.404
      78000.000           0.000           0.000       -3452.805         330.740          0.000           0.000        -145.886           7.850        -96.138        -123.440       -3403.936         327.632       -219.578         194.755         -10.958         -35.781
      81000.000           0.000           0.000       -3304.582         330.592          0.000           0.000        -145.915           8.132        -98.075        -134.910       -3253.262         327.639       -232.985         197.235         -11.085         -46.835
      84000.000           0.000           0.000       -3273.144         334.732          0.000           0.000        -143.458           7.920       -102.494        -108.921       -3227.152         331.528       -211.415         189.450         -11.124         -33.089
      87000.000           0.000           0.000       -3096.745         331.583          0.000           0.000        -146.346           7.709        -96.130        -121.289       -3047.432         328.497       -217.419         195.659         -10.795         -32.555
      90000.000           0.000           0.000       -3137.750         323.403          0.000           0.000        -146.005           8.335        -95.370        -140.455       -3088.688         320.134       -235.825         195.067         -11.604         -52.362
      93000.000           0.000           0.000       -3197.663         325.253          0.000           0.000        -143.000           8.391        -89.067        -150.848       -3156.693         322.030       -239.915         183.970         -11.614         -67.559
      96000.000           0.000           0.000       -3235.367         324.347          0.000           0.000        -145.058           8.145        -90.735        -141.457       -3174.259         320.980       -232.192         206.166         -11.512         -37.538
      99000.000           0.000           0.000       -3299.099         331.443          0.000           0.000        -145.929           8.061        -99.306        -155.537       -3240.392         327.811       -254.843         204.636         -11.693         -61.900
     102000.000           0.000           0.000       -3358.003         338.499          0.000           0.000        -143.943           8.123       -100.538        -136.523       -3302.354         334.481       -237.061         199.592         -12.141         -49.610
     105000.000           0.000           0.000       -3231.516         330.241          0.000           0.000        -146.316           8.147        -80.830        -164.636       -3180.143         326.466       -245.466         197.689         -11.922         -59.699
     108000.000           0.000           0.000       -3309.466         326.504          0.000           0.000        -144.841           8.729        -94.513        -137.370       -3256.491         322.882       -231.883         197.816         -12.351         -46.418
     111000.000           0.000           0.000       -3241.376         329.801          0.000           0.000        -145.951           8.036        -88.773        -152.020       -3180.573         326.981       -240.793         206.754         -10.856         -44.895
     114000.000           0.000           0.000       -3259.371         333.084          0.000           0.000        -147.564           8.033        -73.482        -159.066       -3202.935         329.917       -232.548         204.000         -11.200         -39.748
     117000.000           0.000           0.000       -3385.037         333.796          0.000           0.000        -145.967           7.549       -104.247        -145.501       -3321.476         330.285       -249.748         209.528         -11.060         -51.280
     120000.000           0.000           0.000       -3260.197         320.667          0.000           0.000        -149.098           7.388       -103.415        -147.929       -3193.047         317.180       -251.344         216.248         -10.875         -45.971
     123000.000           0.000           0.000       -3337.306         328.819          0.000           0.000        -144.147           7.801       -105.433        -147.323       -3286.857         325.574       -252.756         194.596         -11.046         -69.206
     126000.000           0.000           0.000       -3319.409         331.777          0.000           0.000        -144.464           7.848        -73.409        -170.589       -3266.337         328.881       -243.998         197.536         -10.744         -57.206
     129000.000           0.000           0.000       -3319.270         329.430          0.000           0.000        -146.059           7.956        -83.394        -126.403       -3284.168         325.808       -209.797         181.161         -11.578         -40.214
     132000.000           0.000           0.000       -3326.420         335.235          0.000           0.000        -147.229           7.804       -110.579        -124.591       -3271.442         331.891       -235.170         202.207         -11.148         -44.111
     135000.000           0.000           0.000       -3216.984         324.385          0.000           0.000        -145.461           7.807        -93.129        -167.601       -3152.980         320.748       -260.730         209.465         -11.444         -62.709
     138000.000           0.000           0.000       -3339.728         334.760          0.000           0.000        -146.407           7.876        -94.137        -132.025       -3282.566         330.798       -226.162         203.569         -11.838         -34.431
     141000.000           0.000           0.000       -3296.075         338.352          0.000           0.000        -142.448           8.166        -99.893        -147.019       -3243.525         334.888       -246.912         194.998         -11.630         -63.544
     144000.000           0.000           0.000       -3116.072         327.044          0.000           0.000        -147.416           7.799       -102.209        -147.152       -3061.432         323.732       -249.361         202.056         -11.111         -58.416
     147000.000           0.000           0.000       -3224.672         340.478          0.000           0.000        -144.048           8.369        -84.096        -151.767       -3172.122         336.512       -235.863         196.598         -12.335         -51.600
     150000.000           0.000           0.000       -3204.814         340.201          0.000           0.000        -143.659           8.278        -95.851        -128.261       -3167.304         337.391       -224.112         181.169         -11.088         -54.031
     153000.000           0.000           0.000       -3420.907         337.847          0.000           0.000        -145.189           7.903       -108.262        -160.636       -3368.394         334.809       -268.898         197.702         -10.941         -82.137
     156000.000           0.000           0.000       -3281.367         329.155          0.000           0.000        -148.185           7.838        -99.342        -136.531       -3231.000         325.922       -235.873         198.552         -11.071         -48.392
     159000.000           0.000           0.000       -3312.065         327.732          0.000           0.000        -146.113           8.121       -105.443        -156.086       -3254.609         324.520       -261.529         203.569         -11.333         -69.293
     162000.000           0.000           0.000       -3113.555         324.343          0.000           0.000        -147.771           8.289        -69.966        -141.397       -3066.414         320.840       -211.363         194.912         -11.792         -28.243
     165000.000           0.000           0.000       -3293.346         329.951          0.000           0.000        -148.335           8.059       -103.753        -162.013       -3242.877         327.006       -265.766         198.804         -11.004         -77.966
     168000.000           0.000           0.000       -3359.960         331.059          0.000           0.000        -146.592           8.069       -101.229        -156.526       -3305.194         327.988       -257.755         201.358         -11.140         -67.537
     171000.000           0.000           0.000       -3401.513         332.622          0.000           0.000        -146.753           8.667       -102.142        -143.818       -3343.369         329.421       -245.960         204.897         -11.868         -52.931
     174000.000           0.000           0.000       -3408.428         328.858          0.000           0.000        -146.269           7.577        -92.404        -154.585       -3361.324         325.198       -246.989         193.373         -11.237         -64.853
     177000.000           0.000           0.000       -3302.998         334.789          0.000           0.000        -146.099           7.705        -82.513        -153.605       -3255.010         331.660       -236.118         194.087         -10.834         -52.865
     180000.000           0.000           0.000       -3334.963         333.617          0.000           0.000        -144.314           7.708        -96.212        -168.921       -3279.418         330.397       -265.133         199.859         -10.928         -76.202
     183000.000           0.000           0.000       -3289.558         333.502          0.000           0.000        -143.402           7.666        -87.825        -138.406       -3253.389         330.825       -226.231         179.571         -10.343         -57.003
     186000.000           0.000           0.000       -3357.339         329.022          0.000           0.000        -144.642           7.502        -92.425        -149.628       -3305.163         325.713       -242.053         196.818         -10.811         -56.046
     189000.000           0.000           0.000       -3440.022         338.533          0.000           0.000        -144.284           7.408        -94.780        -144.705       -3384.548         335.787       -239.485         199.758         -10.154         -49.881
     192000.000           0.000           0.000       -3336.967         335.379          0.000           0.000        -142.744           8.188        -93.243        -150.585       -3284.639         332.046       -243.828         195.072         -11.521         -60.277
     195000.000           0.000           0.000       -3356.697         332.307          0.000           0.000        -146.045           7.733        -93.969        -149.921       -3301.341         329.569       -243.890         201.401         -10.471         -52.960
     198000.000           0.000           0.000       -3260.375         333.948          0.000           0.000        -148.196           7.879        -82.778        -139.472       -3218.266         330.565       -222.250         190.305         -11.262         -43.207
