1            13.7300 
2            -0.0118 
3            -0.0879 
4            -0.1325 
5            0.0198 
6            0.2366 
7            0.3403 
8            0.0757 
9            0.1405 
10           0.3088 
11           0.1066 
12           0.1118 
13           0.1801 
14           0.2510 
15           0.2021 
16           9.6021 
17           -9.2099 
18           8.5069 
19           -0.0279 
20           -0.1081 
21           0.2599 
22           -0.2061 
23           -0.1042 
24           -0.2929 
25           -0.4657 
26           -0.2282 
27           -0.4252 
28           -0.4787 
29           -0.4129 
30           -0.3410 
31           -0.6476 
32           -0.4755 
33           -0.3585 
34           -0.4425 
35           -1.6353 
36           -0.4097 
37           -0.0267 
38           0.2796 
39           0.0642 
40           0.4158 
41           0.3223 
42           0.4579 
43           -0.1331 
44           -0.2630 
45           0.2217 
46           0.7121 
47           -0.0972 
48           0.3837 
49           1.1332 
50           -27.0697 
51           0.3047 
52           0.3619 
53           0.2120 
54           -0.5432 
55           0.0470 
56           0.0421 
57           0.4426 
58           -0.3991 
59           -1.0024 
60           21.8312 
61           -0.7832 
62           -0.4669 
63           -1.6851 
64           -24.1317 
65           -0.9807 
66           -1.3408 
67           -2.6266 
68           -1.4430 
69           -0.6029 
70           -67.7505 
71           -8.2193 
72           -0.0460 
73           1.7205 
74           0.7857 
75           0.2043 
76           0.8097 
77           1.7147 
78           0.8107 
79           0.9893 
80           0.5519 
81           0.6985 
82           0.5970 
83           0.3881 
84           0.4363 
85           0.3937 
86           0.2683 
87           -10.8587 
88           11.1860 
89           0.2213 
90           0.2061 
91           0.1815 
92           0.2018 
93           0.1785 
94           -0.0071 
95           -0.0524 
96           0.0098 
97           0.0816 
98           0.0345 
99           -0.0300 
100          0.1040 
101          -0.0276 
102          -0.1274 
103          -0.1689 
104          -0.1414 
105          -0.2118 
106          -0.1881 
107          -0.2486 
108          8.9283 
109          9.7059 
110          -0.2539 
111          -0.2511 
112          -0.2568 
113          -0.2914 
114          -0.3796 
115          -0.3234 
116          -0.2904 
117          -0.4656 
118          -0.7048 
119          -0.3580 
120          -0.3187 
121          -0.6604 
122          -0.6901 
123          -0.1116 
124          -0.6786 
125          -0.2028 
126          -0.2132 
127          0.2117 
128          0.7530 
129          0.1436 
130          0.0231 
131          0.0336 
132          0.0828 
133          -0.4513 
134          0.3222 
135          -0.0686 
136          0.1241 
137          -17.9082 
138          -0.4990 
139          -0.5065 
140          0.3379 
141          0.7373 
142          -0.4498 
143          -0.1513 
144          0.3928 
145          -0.9754 
146          -0.7837 
147          -16.7201 
148          -0.9700 
149          -1.6751 
150          -0.5410 
151          0.5053 
152          -2.8465 
153          -1.4514 
154          -0.1086 
155          0.2616 
156          -0.9503 
157          -0.0679 
158          0.5065 
159          0.3008 
160          0.5685 
161          0.3474 
162          0.1805 
163          0.2940 
164          0.3700 
165          0.2440 
166          0.2019 
167          0.2940 
168          0.1960 
169          0.1698 
170          10.1616 
171          0.2512 
172          0.0821 
173          0.1424 
174          0.1526 
175          0.1836 
176          8.9534 
177          0.0920 
178          8.4322 
179          8.3320 
180          8.4781 
181          7.2927 
182          -0.0164 
183          0.0672 
184          -0.1412 
185          -0.1535 
186          9.3938 
187          -10.1546 
188          8.8003 
189          9.6967 
190          -0.2522 
191          -0.3517 
192          -0.1707 
193          -0.4606 
194          -0.3686 
195          -0.3083 
196          -0.3180 
197          -0.4988 
198          -0.6139 
199          -0.4004 
200          -0.4676 
201          -0.9337 
202          -0.8482 
203          -0.4172 
204          -0.7722 
205          -2.8672 
206          -0.8576 
207          0.0332 
208          -5.8661 
209          -2.9993 
210          -0.2229 
211          0.9119 
212          0.4194 
213          -0.1479 
214          0.4071 
215          0.2356 
216          0.0132 
217          -0.3247 
218          0.1914 
219          0.1772 
220          0.4811 
221          0.5058 
222          0.6164 
223          -0.6025 
224          -1.1618 
225          -1.0530 
226          -19.1735 
227          -0.8403 
228          -2.7382 
229          -2.2009 
230          -0.7756 
231          -1.7639 
232          -5.1977 
233          0.0810 
234          0.5294 
235          2.8977 
236          -0.7524 
237          0.6659 
238          1.6961 
239          1.8168 
240          0.6271 
241          0.7320 
242          1.1663 
243          0.4047 
244          0.4065 
245          0.4454 
246          0.4004 
247          0.3063 
248          0.3228 
249          0.2592 
250          -0.3173 
251          -0.0669 
252          -10.1128 
253          0.0660 
254          10.7115 
255          9.1077 
256          0.0225 
257          0.0775 
258          0.0406 
259          7.9636 
260          -7.9795 
261          0.0147 
