1            12.1608 
2            -0.2184 
3            -0.3403 
4            -0.3956 
5            0.0517 
6            0.3772 
7            0.4918 
8            0.1254 
9            0.2131 
10           0.3517 
11           0.1528 
12           0.1487 
13           0.2046 
14           0.2491 
15           0.1972 
16           9.7468 
17           -9.3166 
18           8.5306 
19           -0.0285 
20           -0.0997 
21           0.2655 
22           -0.2291 
23           -0.1028 
24           -0.2869 
25           -0.4928 
26           -0.2731 
27           -0.3969 
28           -0.4584 
29           -0.4096 
30           -0.4672 
31           -0.6880 
32           -0.5087 
33           -0.3555 
34           -0.5010 
35           -0.1777 
36           -0.4113 
37           0.0025 
38           0.3967 
39           0.0709 
40           0.4675 
41           0.3576 
42           0.3292 
43           -0.5561 
44           -0.2423 
45           0.1935 
46           0.8351 
47           -0.0859 
48           0.4008 
49           1.0172 
50           -23.4222 
51           0.3157 
52           0.3777 
53           0.3033 
54           -0.6624 
55           0.1873 
56           0.0008 
57           0.2465 
58           -0.3767 
59           -0.9469 
60           20.2840 
61           -0.7365 
62           -0.5601 
63           -1.7000 
64           -22.5231 
65           -1.0012 
66           -1.4587 
67           -2.5273 
68           -1.3399 
69           -0.6548 
70           -67.4788 
71           -8.3114 
72           0.0569 
73           1.7418 
74           0.4570 
75           0.5607 
76           0.8611 
77           1.7688 
78           1.0364 
79           1.0924 
80           1.5060 
81           0.6716 
82           0.5918 
83           0.3729 
84           0.4104 
85           0.3935 
86           0.2732 
87           -10.8640 
88           11.0661 
89           0.2518 
90           0.2010 
91           0.1806 
92           0.1934 
93           0.1661 
94           -0.0447 
95           -0.0621 
96           -0.0453 
97           -0.1406 
98           0.0225 
99           -0.0031 
100          0.0180 
101          -0.0217 
102          0.0070 
103          -0.0762 
104          -0.1422 
105          -0.1963 
106          -0.1577 
107          -0.2287 
108          9.0808 
109          10.2027 
110          -0.2620 
111          -0.2538 
112          -0.2306 
113          -0.2753 
114          -0.3686 
115          -0.2997 
116          -0.2470 
117          -0.4515 
118          -0.7022 
119          -0.3546 
120          -0.3488 
121          -0.7048 
122          -0.7077 
123          -0.1611 
124          -0.6688 
125          -0.0060 
126          -0.0417 
127          0.3808 
128          0.7030 
129          0.2049 
130          0.1879 
131          0.2557 
132          -0.1193 
133          -1.9449 
134          0.1873 
135          0.1880 
136          0.2247 
137          -17.4103 
138          -0.5323 
139          -0.4739 
140          0.4921 
141          1.1098 
142          -0.1008 
143          -1.5493 
144          0.4462 
145          -1.0861 
146          -0.7862 
147          -17.3105 
148          -0.8325 
149          -2.4285 
150          -0.7713 
151          0.0915 
152          -4.0221 
153          -2.5064 
154          -0.2677 
155          0.1138 
156          -1.6789 
157          -0.0256 
158          0.6007 
159          0.3768 
160          0.6433 
161          0.3758 
162          0.2253 
163          0.3194 
164          0.3951 
165          0.2561 
166          0.2097 
167          0.2865 
168          0.1896 
169          0.1725 
170          9.6741 
171          0.2414 
172          0.1753 
173          0.1452 
174          0.1632 
175          0.1817 
176          9.1061 
177          0.0631 
178          8.1623 
179          8.6861 
180          7.7165 
181          7.0897 
182          -0.0047 
183          0.0641 
184          -0.1362 
185          -0.1528 
186          9.1893 
187          -10.0082 
188          8.7425 
189          9.5002 
190          -0.2357 
191          -0.3367 
192          -0.2336 
193          -0.2254 
194          -0.3459 
195          -0.3221 
196          -0.2855 
197          -0.4455 
198          -0.5914 
199          -0.4198 
200          -0.4455 
201          -0.8001 
202          -0.9138 
203          -0.4549 
204          -0.6396 
205          -2.8329 
206          -0.9209 
207          -0.1133 
208          -4.1534 
209          -3.1085 
210          -0.1974 
211          -0.1372 
212          1.1161 
213          -0.2398 
214          0.3153 
215          2.1700 
216          0.2767 
217          0.6905 
218          -0.4026 
219          -0.2461 
220          -0.2826 
221          0.2762 
222          0.0243 
223          0.0937 
224          -1.0061 
225          -0.9230 
226          -17.8782 
227          -0.7466 
228          -1.6836 
229          -1.1882 
230          -0.6624 
231          -1.7452 
232          -4.1758 
233          -2.1777 
234          0.1946 
235          2.6905 
236          -1.1859 
237          0.4909 
238          0.7367 
239          1.9428 
240          0.5516 
241          0.7124 
242          1.2441 
243          0.3748 
244          0.4065 
245          0.4225 
246          0.3694 
247          0.3654 
248          0.3005 
249          0.2193 
250          0.0960 
251          -0.0815 
252          -9.6476 
253          0.0662 
254          10.6582 
255          8.9927 
256          -0.0268 
257          -0.0337 
258          0.0163 
259          10.1161 
260          -12.0032 
261          -3.3258 
