1            13.8660 
2            0.0299 
3            -0.0857 
4            -0.1108 
5            0.0442 
6            0.3081 
7            0.5089 
8            0.0958 
9            0.1770 
10           0.3383 
11           0.1346 
12           0.1692 
13           0.2190 
14           0.2673 
15           0.1982 
16           9.7706 
17           -9.3401 
18           8.5208 
19           -0.0349 
20           -0.1026 
21           0.2685 
22           -0.2007 
23           -0.1811 
24           -0.3910 
25           -0.5105 
26           -0.2223 
27           -0.4298 
28           -0.4809 
29           -0.4291 
30           -0.5136 
31           -0.7332 
32           -0.5425 
33           -0.3517 
34           -0.4908 
35           0.0125 
36           -0.3766 
37           0.0613 
38           0.4001 
39           -0.0434 
40           0.4876 
41           0.3207 
42           0.4860 
43           -0.4186 
44           -0.1747 
45           0.3829 
46           0.3672 
47           -0.2921 
48           0.2520 
49           1.1440 
50           -25.7398 
51           0.2734 
52           0.3663 
53           0.6268 
54           0.0310 
55           0.0622 
56           -0.1229 
57           0.1731 
58           0.0353 
59           -0.8939 
60           20.7987 
61           -0.6710 
62           -0.4912 
63           -1.7330 
64           -21.5241 
65           -0.9382 
66           -1.3054 
67           -2.1737 
68           -1.3289 
69           -0.7165 
70           -66.9567 
71           -7.6615 
72           -0.0955 
73           1.6461 
74           1.0368 
75           0.9527 
76           0.8471 
77           1.6392 
78           0.9211 
79           1.0610 
80           1.1767 
81           0.6757 
82           0.6317 
83           0.3836 
84           0.4217 
85           0.3989 
86           0.2859 
87           -11.0427 
88           11.2199 
89           0.1842 
90           0.2025 
91           0.1885 
92           0.1864 
93           0.1614 
94           -0.0309 
95           -0.0593 
96           -0.0518 
97           -0.1311 
98           0.0611 
99           -0.1204 
100          0.0651 
101          0.0658 
102          -0.0836 
103          -0.0563 
104          -0.0454 
105          0.0206 
106          -0.1814 
107          -0.1982 
108          9.0699 
109          10.1376 
110          -0.2582 
111          -0.2750 
112          -0.2698 
113          -0.1913 
114          -0.3852 
115          -0.3414 
116          -0.2442 
117          -0.4511 
118          -0.7146 
119          -0.3497 
120          -0.3277 
121          -0.6731 
122          -0.7117 
123          -0.1175 
124          -0.4770 
125          -0.1045 
126          0.0732 
127          0.3687 
128          0.7653 
129          0.2497 
130          0.1728 
131          0.6014 
132          0.4608 
133          0.3906 
134          0.0734 
135          0.1964 
136          0.2555 
137          -17.7087 
138          -0.6818 
139          -0.6553 
140          0.1985 
141          -0.9276 
142          1.9715 
143          -1.8721 
144          -0.1025 
145          -0.9505 
146          -0.7872 
147          -16.6494 
148          -1.0412 
149          -1.7496 
150          -0.6485 
151          0.3529 
152          -3.7198 
153          -0.8675 
154          -0.3113 
155          0.2060 
156          -1.5072 
157          -0.0676 
158          0.6169 
159          0.4150 
160          0.6391 
161          0.3932 
162          0.2362 
163          0.3463 
164          0.4013 
165          0.2489 
166          0.2083 
167          0.3093 
168          0.2244 
169          0.1737 
170          9.6838 
171          0.2561 
172          0.1718 
173          0.1398 
174          0.1693 
175          0.1966 
176          9.0352 
177          0.1045 
178          8.5144 
179          8.6798 
180          7.4029 
181          7.3404 
182          -0.0362 
183          0.0750 
184          -0.1342 
185          -0.1703 
186          9.1982 
187          -10.0999 
188          8.9628 
189          9.3394 
190          -0.2335 
191          -0.3177 
192          -0.2135 
193          -0.2845 
194          -0.3567 
195          -0.3052 
196          -0.2985 
197          -0.4635 
198          -0.5881 
199          -0.4166 
200          -0.4880 
201          -0.9251 
202          -0.8845 
203          -0.4646 
204          -0.7164 
205          -2.6992 
206          -0.9217 
207          0.1121 
208          -5.5206 
209          -2.7308 
210          -0.2115 
211          1.5939 
212          1.0828 
213          -0.1129 
214          0.3846 
215          2.3634 
216          0.1321 
217          -0.4958 
218          -0.3146 
219          -0.1943 
220          -0.2173 
221          0.3431 
222          0.0981 
223          0.1055 
224          -1.1418 
225          -1.0363 
226          -18.9230 
227          -0.8325 
228          -3.0257 
229          -1.7095 
230          -0.6664 
231          -1.9888 
232          -4.9381 
233          -1.5094 
234          0.4289 
235          2.8986 
236          -1.2068 
237          0.6712 
238          0.6115 
239          1.5632 
240          0.5720 
241          0.7231 
242          1.2791 
243          0.4014 
244          0.3972 
245          0.4277 
246          0.3829 
247          0.3049 
248          0.3278 
249          0.2379 
250          0.0176 
251          -0.1141 
252          -9.5030 
253          -0.0284 
254          10.2816 
255          8.8344 
256          0.0474 
257          0.0465 
258          -0.1733 
259          10.8248 
260          -12.6344 
261          2.6952 
