1            12.0918 
2            0.0326 
3            0.1356 
4            0.0365 
5            0.0723 
6            0.2375 
7            0.3496 
8            0.1158 
9            0.1410 
10           0.2304 
11           0.1232 
12           0.1354 
13           0.1612 
14           0.1872 
15           0.1562 
16           8.4416 
17           -8.0002 
18           7.5773 
19           -0.0226 
20           -0.0661 
21           0.1934 
22           -0.1676 
23           -0.1567 
24           -0.2437 
25           -0.3550 
26           -0.1473 
27           -0.2409 
28           -0.2611 
29           -0.2538 
30           -0.3106 
31           -0.3394 
32           -0.2891 
33           -0.2524 
34           -0.3091 
35           -0.7967 
36           -0.3330 
37           -0.2934 
38           -0.3543 
39           -0.2468 
40           -0.0608 
41           -0.2326 
42           -0.9116 
43           -1.0614 
44           -0.6074 
45           0.2148 
46           -3.6184 
47           -1.2798 
48           -0.2495 
49           -0.6846 
50           -57.9612 
51           -0.3339 
52           0.5345 
53           -0.2619 
54           0.0868 
55           0.7858 
56           0.4373 
57           0.7009 
58           0.0556 
59           -0.7575 
60           22.0458 
61           -0.4539 
62           -0.0486 
63           -0.7172 
64           -19.8224 
65           -0.2071 
66           -1.4684 
67           -0.6559 
68           -0.0908 
69           0.2529 
70           -45.1005 
71           -0.0528 
72           0.3158 
73           0.8426 
74           0.9636 
75           0.3593 
76           0.3678 
77           0.7266 
78           0.4736 
79           0.5891 
80           0.7369 
81           0.3652 
82           0.3460 
83           0.2174 
84           0.2491 
85           0.2464 
86           0.1774 
87           -9.1831 
88           9.4497 
89           0.1297 
90           0.1412 
91           0.1383 
92           0.1498 
93           0.1269 
94           -0.0502 
95           -0.0490 
96           -0.0268 
97           -0.1141 
98           -0.0111 
99           -0.0394 
100          0.0509 
101          -0.0039 
102          -0.0924 
103          -0.0726 
104          -0.0533 
105          -0.0263 
106          -0.1324 
107          -0.1755 
108          7.6246 
109          8.8572 
110          -0.1715 
111          -0.1834 
112          -0.1857 
113          -0.1262 
114          -0.2358 
115          -0.2323 
116          -0.1813 
117          -0.2592 
118          -0.3943 
119          -0.2337 
120          -0.2136 
121          -0.3780 
122          -0.3927 
123          -0.1214 
124          -0.1375 
125          -0.1032 
126          -0.0517 
127          0.1286 
128          0.4079 
129          0.0076 
130          0.1662 
131          0.3221 
132          0.0799 
133          0.1407 
134          -0.4680 
135          -0.2557 
136          0.4751 
137          -24.3941 
138          -0.5674 
139          -0.5538 
140          1.8293 
141          2.4679 
142          0.2329 
143          -4.1538 
144          0.4112 
145          -0.5364 
146          -0.2712 
147          -16.8830 
148          0.3415 
149          0.2346 
150          -0.1981 
151          0.2974 
152          0.0573 
153          0.8238 
154          0.0372 
155          0.3397 
156          0.3372 
157          0.3780 
158          0.5982 
159          0.2326 
160          0.3908 
161          0.3267 
162          0.1923 
163          0.2035 
164          0.3186 
165          0.2341 
166          0.1662 
167          0.1917 
168          0.1543 
169          0.1504 
170          8.6170 
171          0.1829 
172          0.1638 
173          0.1117 
174          0.1255 
175          0.1522 
176          8.5202 
177          0.1041 
178          7.6023 
179          7.7159 
180          6.9125 
181          6.5292 
182          0.0001 
183          0.0470 
184          -0.1174 
185          -0.1326 
186          7.9297 
187          -8.7065 
188          8.0248 
189          8.4215 
190          -0.1801 
191          -0.2084 
192          -0.1336 
193          -0.2768 
194          -0.2575 
195          -0.2408 
196          -0.2656 
197          -0.3302 
198          -0.3971 
199          -0.3268 
200          -0.4083 
201          -0.5755 
202          -0.5493 
203          -0.4891 
204          -0.4615 
205          -1.4236 
206          -0.7665 
207          -0.5820 
208          -3.2747 
209          -0.9841 
210          -0.3859 
211          0.6596 
212          -4.9377 
213          -0.5722 
214          0.3326 
215          2.5053 
216          -0.5314 
217          0.3294 
218          -0.5875 
219          -0.6201 
220          -0.3262 
221          0.5543 
222          0.8020 
223          -0.5612 
224          -2.0633 
225          -2.9284 
226          -27.8359 
227          -0.2582 
228          -10.3045 
229          -0.8318 
230          -0.0526 
231          0.1365 
232          -3.9080 
233          1.0406 
234          0.6394 
235          1.2969 
236          -1.0187 
237          0.4768 
238          0.4743 
239          0.6849 
240          0.3747 
241          0.3950 
242          0.4723 
243          0.2536 
244          0.2853 
245          0.2766 
246          0.1892 
247          0.1996 
248          0.2298 
249          0.1701 
250          0.1517 
251          0.0134 
252          -8.5160 
253          0.1085 
254          8.9221 
255          7.6199 
256          0.0940 
257          0.1039 
258          0.0828 
259          7.5307 
260          -8.1159 
261          -46.3486 
