#Time E_VdW_mm(Protein)	E_Elec_mm(Protein)	E_Pol(Protein)	E_Apol(Protein)	E_VdW_mm(Ligand)	E_Elec_mm(Ligand)	E_Pol(Ligand)	E_Apol(Ligand)	E_VdW_mm(Complex)	E_Elec_mm(Complex)	E_Pol(Complex)	E_Apol(Complex)	Delta_E_mm	Delta_E_Pol	Delta_E_Apol	Delta_E_binding

#Complex 1
          0.000           0.000           0.000       -3041.280         323.809          0.000           0.000        -145.355           8.293        -42.083        -318.478       -2969.604         321.581       -360.561         217.031         -10.521        -154.051
       4000.000           0.000           0.000       -3135.793         313.203          0.000           0.000        -143.901           8.008        -57.988        -356.520       -3038.642         309.979       -414.508         241.052         -11.232        -184.688
       8000.000           0.000           0.000       -3102.125         319.934          0.000           0.000        -143.961           7.759        -78.618        -320.537       -3005.553         316.670       -399.155         240.533         -11.023        -169.645
      12000.000           0.000           0.000       -3022.183         312.978          0.000           0.000        -153.697           8.733        -59.655        -328.764       -2934.785         309.164       -388.419         241.095         -12.547        -159.871
      16000.000           0.000           0.000       -3112.453         315.482          0.000           0.000        -152.065           7.729        -65.821        -311.228       -3013.798         311.843       -377.049         250.720         -11.368        -137.697
      20000.000           0.000           0.000       -3106.281         321.964          0.000           0.000        -144.905           7.837        -62.731        -294.295       -3034.678         318.262       -357.026         216.508         -11.539        -152.057
      24000.000           0.000           0.000       -3254.378         331.143          0.000           0.000        -154.100           8.389        -26.087        -359.569       -3156.998         328.111       -385.656         251.480         -11.421        -145.597
      28000.000           0.000           0.000       -3191.289         323.589          0.000           0.000        -146.202           8.337        -73.857        -304.761       -3104.188         320.025       -378.618         233.303         -11.901        -157.216
      32000.000           0.000           0.000       -3082.972         326.962          0.000           0.000        -153.446           8.132        -49.649        -303.924       -2987.183         323.497       -353.573         249.235         -11.597        -115.935
      36000.000           0.000           0.000       -3121.062         328.240          0.000           0.000        -146.042           8.363        -51.634        -312.715       -3020.341         323.615       -364.349         246.763         -12.988        -130.574
      40000.000           0.000           0.000       -3024.609         317.041          0.000           0.000        -150.529           8.407        -74.074        -302.523       -2925.707         313.684       -376.597         249.431         -11.764        -138.930
      44000.000           0.000           0.000       -3201.829         328.388          0.000           0.000        -151.945           7.993        -67.392        -310.129       -3116.314         324.637       -377.521         237.460         -11.744        -151.805
      48000.000           0.000           0.000       -3252.319         320.758          0.000           0.000        -146.911           8.075        -52.676        -323.765       -3151.891         316.748       -376.441         247.339         -12.085        -141.187
      52000.000           0.000           0.000       -3237.251         316.613          0.000           0.000        -141.329           7.916        -75.346        -305.997       -3151.385         313.233       -381.343         227.195         -11.296        -165.444
      56000.000           0.000           0.000       -3228.179         321.709          0.000           0.000        -148.028           8.164        -67.860        -318.216       -3135.147         318.788       -386.076         241.060         -11.085        -156.101
      60000.000           0.000           0.000       -3116.801         313.386          0.000           0.000        -146.219           8.360        -44.439        -343.025       -3019.981         310.030       -387.464         243.039         -11.716        -156.141
      64000.000           0.000           0.000       -3138.075         327.270          0.000           0.000        -139.259           8.140        -29.888        -298.668       -3051.253         323.659       -328.556         226.081         -11.751        -114.226
      68000.000           0.000           0.000       -3167.072         322.368          0.000           0.000        -151.784           8.094        -25.085        -309.779       -3078.085         318.738       -334.864         240.771         -11.724        -105.817
      72000.000           0.000           0.000       -3103.573         323.757          0.000           0.000        -149.778           8.309        -68.964        -309.530       -3007.244         320.474       -378.494         246.107         -11.592        -143.979
      76000.000           0.000           0.000       -3010.760         315.175          0.000           0.000        -154.720           7.671        -71.305        -302.988       -2934.539         311.740       -374.293         230.941         -11.106        -154.458
      80000.000           0.000           0.000       -3016.066         319.134          0.000           0.000        -142.611           7.932        -57.731        -298.328       -2939.215         316.284       -356.059         219.462         -10.782        -147.379
      84000.000           0.000           0.000       -3057.142         327.568          0.000           0.000        -152.014           7.611        -45.232        -317.720       -2970.617         324.159       -362.952         238.539         -11.020        -135.433
      88000.000           0.000           0.000       -3024.530         326.479          0.000           0.000        -150.973           8.149        -81.858        -300.536       -2933.471         323.487       -382.394         242.032         -11.141        -151.503
      92000.000           0.000           0.000       -3047.313         313.399          0.000           0.000        -146.838           7.762        -53.790        -296.036       -2951.906         309.911       -349.826         242.245         -11.250        -118.831
      96000.000           0.000           0.000       -3159.198         323.541          0.000           0.000        -150.817           7.930        -48.098        -354.525       -3050.446         319.542       -402.623         259.569         -11.929        -154.983
     100000.000           0.000           0.000       -3049.423         318.661          0.000           0.000        -145.336           8.065        -84.318        -280.272       -2959.699         315.057       -364.590         235.060         -11.669        -141.199
     104000.000           0.000           0.000       -3129.086         316.935          0.000           0.000        -143.327           8.485        -41.542        -320.339       -3037.342         313.790       -361.881         235.071         -11.630        -138.440
     108000.000           0.000           0.000       -3128.866         318.682          0.000           0.000        -141.716           7.955        -66.408        -307.999       -3039.824         314.802       -374.407         230.758         -11.835        -155.484
     112000.000           0.000           0.000       -3125.505         310.032          0.000           0.000        -149.963           7.941        -60.910        -313.427       -3025.224         306.952       -374.337         250.244         -11.021        -135.114
     116000.000           0.000           0.000       -3019.921         318.990          0.000           0.000        -151.660           7.664        -25.154        -336.240       -2929.982         315.669       -361.394         241.599         -10.985        -130.780
     120000.000           0.000           0.000       -3167.857         324.299          0.000           0.000        -151.459           8.067        -40.969        -332.518       -3061.783         320.354       -373.487         257.533         -12.012        -127.966
     124000.000           0.000           0.000       -3072.883         321.977          0.000           0.000        -138.144           8.327        -48.362        -351.476       -2970.683         318.755       -399.838         240.344         -11.549        -171.043
     128000.000           0.000           0.000       -3163.373         309.717          0.000           0.000        -152.357           7.516        -46.137        -344.057       -3071.034         306.728       -390.194         244.696         -10.505        -156.003
     132000.000           0.000           0.000       -3179.702         319.288          0.000           0.000        -152.850           8.082        -39.183        -302.071       -3081.216         315.733       -341.254         251.336         -11.637        -101.555
     136000.000           0.000           0.000       -3130.706         317.870          0.000           0.000        -150.435           8.400        -51.031        -316.868       -3039.806         314.008       -367.899         241.335         -12.262        -138.826
     140000.000           0.000           0.000       -3019.015         319.273          0.000           0.000        -147.909           7.814        -66.086        -301.181       -2918.407         316.337       -367.267         248.517         -10.750        -129.500
     144000.000           0.000           0.000       -3272.056         333.427          0.000           0.000        -149.410           8.482        -39.935        -318.094       -3167.166         329.903       -358.029         254.300         -12.006        -115.735
     148000.000           0.000           0.000       -3034.334         316.749          0.000           0.000        -153.739           7.545        -49.082        -305.674       -2942.891         313.578       -354.756         245.182         -10.716        -120.290
     152000.000           0.000           0.000       -3113.859         326.357          0.000           0.000        -150.545           8.244        -57.012        -325.610       -3014.080         322.886       -382.622         250.324         -11.715        -144.013
     156000.000           0.000           0.000       -3064.152         333.952          0.000           0.000        -156.148           7.618        -61.066        -338.097       -2976.496         330.496       -399.163         243.804         -11.074        -166.433
     160000.000           0.000           0.000       -3299.130         331.684          0.000           0.000        -142.340           7.747        -42.647        -318.494       -3232.253         328.945       -361.141         209.217         -10.486        -162.410
     164000.000           0.000           0.000       -3111.471         318.463          0.000           0.000        -147.617           8.575        -66.918        -277.545       -3021.458         315.903       -344.463         237.630         -11.135        -117.968
     168000.000           0.000           0.000       -3060.744         322.439          0.000           0.000        -148.257           7.537        -58.285        -307.657       -2966.657         318.577       -365.942         242.344         -11.399        -134.997
     172000.000           0.000           0.000       -3121.920         312.561          0.000           0.000        -146.510           7.885        -58.586        -293.869       -3017.474         308.556       -352.455         250.956         -11.890        -113.389
     176000.000           0.000           0.000       -3156.233         316.126          0.000           0.000        -151.235           7.919        -38.230        -324.370       -3063.203         312.669       -362.600         244.265         -11.376        -129.711
     180000.000           0.000           0.000       -3253.729         312.568          0.000           0.000        -147.162           8.320        -58.938        -322.868       -3153.908         308.906       -381.806         246.983         -11.982        -146.805
     184000.000           0.000           0.000       -3249.013         326.519          0.000           0.000        -146.138           8.451        -41.080        -335.956       -3138.112         322.719       -377.036         257.039         -12.251        -132.248
     188000.000           0.000           0.000       -3307.974         326.366          0.000           0.000        -150.381           7.514        -46.339        -301.844       -3220.446         322.909       -348.183         237.909         -10.971        -121.245
     192000.000           0.000           0.000       -3243.158         326.589          0.000           0.000        -141.370           7.908        -59.276        -267.626       -3160.760         323.000       -326.902         223.768         -11.497        -114.631
     196000.000           0.000           0.000       -3120.293         313.328          0.000           0.000        -152.309           7.559        -39.123        -310.873       -3030.114         310.155       -349.996         242.488         -10.732        -118.240
     200000.000           0.000           0.000       -3225.738         319.470          0.000           0.000        -143.934           8.281        -55.689        -293.200       -3132.009         316.411       -348.889         237.663         -11.340        -122.566
