1            13.8567 
2            0.0267 
3            -0.0797 
4            -0.0781 
5            0.0690 
6            0.2872 
7            0.4061 
8            0.0888 
9            0.1474 
10           0.3165 
11           0.1238 
12           0.1151 
13           0.2027 
14           0.2392 
15           0.1960 
16           9.4378 
17           -9.2703 
18           8.4379 
19           -0.0260 
20           -0.1019 
21           0.2243 
22           -0.1983 
23           -0.1112 
24           -0.1832 
25           -0.4982 
26           -0.2748 
27           -0.3955 
28           -0.4389 
29           -0.4134 
30           -0.4953 
31           -0.6759 
32           -0.4563 
33           -0.3359 
34           -0.4709 
35           -1.7213 
36           -0.3363 
37           0.0316 
38           0.2520 
39           -0.0146 
40           0.2803 
41           0.2304 
42           0.4629 
43           -0.3133 
44           -0.1614 
45           0.3141 
46           0.3458 
47           -0.2453 
48           0.3152 
49           1.1671 
50           -25.4441 
51           0.2805 
52           0.6609 
53           0.6808 
54           -0.2067 
55           -0.2756 
56           -0.0726 
57           0.2988 
58           -0.3797 
59           -0.9917 
60           20.4537 
61           -0.7844 
62           -0.5718 
63           -1.8783 
64           -23.1962 
65           -1.0046 
66           -1.3981 
67           -2.6591 
68           -1.2771 
69           -0.6650 
70           -69.1279 
71           -8.5750 
72           -0.0377 
73           1.8120 
74           1.2059 
75           0.4081 
76           0.8172 
77           1.7302 
78           1.0516 
79           1.1076 
80           1.2790 
81           0.6784 
82           0.6040 
83           0.3738 
84           0.4009 
85           0.3558 
86           0.2632 
87           -11.0467 
88           11.1630 
89           0.1499 
90           0.2034 
91           0.1810 
92           0.1901 
93           0.1586 
94           -0.0318 
95           -0.0796 
96           -0.0679 
97           0.1160 
98           0.0172 
99           -0.0754 
100          -0.0405 
101          0.0281 
102          0.0301 
103          -0.1523 
104          -0.0907 
105          -0.2055 
106          -0.1781 
107          -0.2401 
108          9.0395 
109          9.5493 
110          -0.2516 
111          -0.2576 
112          -0.2508 
113          -0.2916 
114          -0.3813 
115          -0.3216 
116          -0.2502 
117          -0.4443 
118          -0.7153 
119          -0.3534 
120          -0.3218 
121          -0.6846 
122          -0.6817 
123          -0.1525 
124          -0.5979 
125          -0.0707 
126          -0.0876 
127          0.3287 
128          0.7546 
129          0.0519 
130          0.1854 
131          0.3492 
132          -0.6950 
133          -3.6959 
134          0.1409 
135          0.3350 
136          0.2197 
137          -16.7167 
138          -0.4723 
139          -0.3735 
140          0.2014 
141          -0.0012 
142          -1.6294 
143          0.2757 
144          1.0915 
145          -1.1727 
146          -0.8139 
147          -17.0839 
148          -0.9701 
149          -2.0741 
150          -0.8263 
151          0.1247 
152          -4.1600 
153          -1.4096 
154          -0.2676 
155          0.1485 
156          -1.6583 
157          -0.0779 
158          0.5676 
159          0.3793 
160          0.6847 
161          0.4164 
162          0.2434 
163          0.3210 
164          0.3896 
165          0.2676 
166          0.2131 
167          0.2902 
168          0.1801 
169          0.1753 
170          9.6840 
171          0.2460 
172          0.1734 
173          0.1428 
174          0.1690 
175          0.1764 
176          8.8304 
177          -0.0510 
178          7.8241 
179          8.5777 
180          6.8993 
181          7.5246 
182          0.0306 
183          0.0729 
184          -0.1599 
185          -0.1667 
186          9.1432 
187          -9.9459 
188          8.7180 
189          9.3090 
190          -0.2375 
191          -0.3020 
192          -0.2174 
193          -0.4365 
194          -0.3533 
195          -0.3094 
196          -0.3207 
197          -0.4822 
198          -0.6474 
199          -0.4608 
200          -0.4414 
201          -0.9055 
202          -0.9891 
203          -0.4495 
204          -0.4160 
205          -3.5255 
206          -1.0212 
207          0.0166 
208          -5.5733 
209          -3.5838 
210          -0.2558 
211          1.5938 
212          2.0862 
213          -0.1108 
214          0.3751 
215          2.5019 
216          -0.0896 
217          0.5533 
218          -0.0156 
219          0.1713 
220          -0.1202 
221          0.2712 
222          0.1745 
223          0.1566 
224          -1.0861 
225          -0.9474 
226          -18.3665 
227          -0.8664 
228          -2.4926 
229          -1.4513 
230          -0.7180 
231          -1.9192 
232          -4.5566 
233          -1.5453 
234          0.4700 
235          2.9310 
236          -0.4792 
237          0.5350 
238          2.5155 
239          1.3958 
240          0.4949 
241          0.6439 
242          0.9991 
243          0.3343 
244          0.3703 
245          0.4111 
246          0.2979 
247          0.2787 
248          0.3135 
249          0.2278 
250          0.2293 
251          0.0245 
252          -9.3828 
253          0.1199 
254          10.0869 
255          8.5428 
256          -0.1131 
257          0.0588 
258          0.1266 
259          8.2565 
260          -9.4570 
261          -2.5695 
