1            14.1525 
2            0.0146 
3            -0.0089 
4            -0.0639 
5            0.0695 
6            0.2821 
7            0.5133 
8            0.1021 
9            0.1481 
10           0.3204 
11           0.1130 
12           0.1591 
13           0.2038 
14           0.2522 
15           0.2048 
16           9.5950 
17           -9.1403 
18           8.6611 
19           -0.0394 
20           -0.0994 
21           0.2916 
22           -0.1963 
23           -0.2407 
24           -0.2518 
25           -0.5118 
26           -0.2736 
27           -0.4183 
28           -0.4516 
29           -0.4273 
30           -0.4214 
31           -0.7053 
32           -0.5382 
33           -0.3837 
34           -0.5191 
35           -1.0689 
36           -0.4236 
37           -0.0534 
38           0.2237 
39           0.0171 
40           0.2223 
41           0.2355 
42           0.3707 
43           -0.4731 
44           -0.1657 
45           0.4873 
46           0.5595 
47           -0.2061 
48           0.4726 
49           1.3536 
50           -22.1297 
51           0.3349 
52           0.1730 
53           0.3981 
54           -0.2553 
55           0.1778 
56           0.0265 
57           0.3589 
58           -0.0321 
59           -0.9303 
60           16.5709 
61           -0.7251 
62           -0.5851 
63           -1.9780 
64           -22.8452 
65           -0.9099 
66           -1.2617 
67           -2.6344 
68           -0.8249 
69           -0.4865 
70           -65.4792 
71           -7.7672 
72           -0.0997 
73           1.5224 
74           0.7361 
75           0.5106 
76           0.7501 
77           1.0806 
78           0.9093 
79           1.0962 
80           0.8071 
81           0.7053 
82           0.6358 
83           0.3887 
84           0.4229 
85           0.4273 
86           0.2946 
87           -11.0726 
88           10.9699 
89           0.2187 
90           0.1996 
91           0.1810 
92           0.2008 
93           0.1729 
94           -0.0172 
95           -0.0692 
96           -0.0475 
97           0.0247 
98           0.0696 
99           -0.0484 
100          0.0460 
101          0.0614 
102          -0.0134 
103          -0.0356 
104          -0.0310 
105          -0.0953 
106          -0.1614 
107          -0.2703 
108          9.0788 
109          10.6889 
110          -0.2612 
111          -0.2671 
112          -0.2644 
113          -0.2229 
114          -0.3817 
115          -0.3388 
116          -0.2594 
117          -0.4341 
118          -0.6533 
119          -0.3215 
120          -0.2881 
121          -0.5559 
122          -0.6055 
123          -0.0917 
124          -0.3874 
125          -0.0831 
126          0.1616 
127          0.4384 
128          0.7344 
129          0.1817 
130          0.2938 
131          0.5435 
132          0.2817 
133          0.3223 
134          0.1308 
135          1.4390 
136          0.5269 
137          -21.3113 
138          -1.0189 
139          -0.2439 
140          -2.5837 
141          -3.1361 
142          0.6458 
143          -0.1789 
144          -0.2921 
145          -1.4935 
146          -0.8652 
147          -17.0773 
148          -0.9478 
149          -2.7143 
150          -1.0485 
151          -0.0790 
152          -4.3284 
153          -2.8549 
154          -0.3641 
155          0.1697 
156          -1.8529 
157          0.0901 
158          0.7683 
159          0.4266 
160          0.6800 
161          0.4235 
162          0.2543 
163          0.3529 
164          0.4258 
165          0.2783 
166          0.2332 
167          0.3063 
168          0.1888 
169          0.1883 
170          9.7702 
171          0.2486 
172          0.1727 
173          0.1500 
174          0.1707 
175          0.1721 
176          8.9558 
177          -0.0578 
178          7.3326 
179          8.7231 
180          8.3561 
181          7.0261 
182          0.0137 
183          0.0676 
184          -0.1458 
185          -0.1614 
186          8.8557 
187          -9.9155 
188          8.7216 
189          9.6638 
190          -0.2486 
191          -0.3340 
192          -0.1424 
193          -0.3547 
194          -0.3612 
195          -0.3032 
196          -0.3050 
197          -0.4503 
198          -0.6050 
199          -0.4198 
200          -0.3869 
201          -0.8753 
202          -0.9493 
203          -0.4339 
204          -0.2979 
205          -2.9539 
206          -0.9520 
207          0.0059 
208          -4.1255 
209          -2.9291 
210          -0.1957 
211          1.0681 
212          -0.4801 
213          -0.1081 
214          0.3909 
215          2.2086 
216          0.1274 
217          0.5354 
218          -0.0432 
219          0.0521 
220          -0.4525 
221          0.1112 
222          0.1127 
223          -0.0338 
224          -1.1825 
225          -1.1420 
226          -19.2971 
227          -0.7215 
228          -3.1544 
229          -1.8637 
230          -0.5072 
231          -1.4479 
232          -4.2259 
233          -1.3090 
234          0.5449 
235          2.5521 
236          1.2955 
237          0.4965 
238          2.5221 
239          1.2285 
240          0.4867 
241          0.6008 
242          0.8466 
243          0.3248 
244          0.3602 
245          0.4079 
246          0.3007 
247          0.3007 
248          0.3219 
249          0.2342 
250          0.2469 
251          0.0136 
252          -9.2235 
253          0.1302 
254          9.9671 
255          8.3539 
256          0.0680 
257          0.1065 
258          0.0727 
259          8.2788 
260          -8.6202 
261          -7.3182 
