#Time E_VdW_mm(Protein)	E_Elec_mm(Protein)	E_Pol(Protein)	E_Apol(Protein)	E_VdW_mm(Ligand)	E_Elec_mm(Ligand)	E_Pol(Ligand)	E_Apol(Ligand)	E_VdW_mm(Complex)	E_Elec_mm(Complex)	E_Pol(Complex)	E_Apol(Complex)	Delta_E_mm	Delta_E_Pol	Delta_E_Apol	Delta_E_binding

#Complex 1
          0.000           0.000           0.000       -3373.711         328.476          0.000           0.000        -148.077           8.182        -77.313        -198.298       -3310.376         324.764       -275.611         211.412         -11.894         -76.093
       4000.000           0.000           0.000       -3244.765         323.981          0.000           0.000        -139.948           7.889        -64.249        -176.389       -3183.885         320.748       -240.638         200.828         -11.122         -50.932
       8000.000           0.000           0.000       -3205.851         329.672          0.000           0.000        -143.747           7.688        -87.322        -179.290       -3156.326         326.043       -266.612         193.272         -11.317         -84.657
      12000.000           0.000           0.000       -3190.583         324.924          0.000           0.000        -148.134           7.971       -109.440        -195.861       -3129.157         321.588       -305.301         209.560         -11.307        -107.048
      16000.000           0.000           0.000       -3148.353         327.303          0.000           0.000        -148.637           8.264        -87.296        -200.515       -3084.679         324.445       -287.811         212.311         -11.122         -86.622
      20000.000           0.000           0.000       -3193.456         331.837          0.000           0.000        -148.154           8.294        -90.234        -185.482       -3129.327         328.418       -275.716         212.283         -11.713         -75.146
      24000.000           0.000           0.000       -3083.268         321.173          0.000           0.000        -149.050           7.948        -95.079        -173.022       -3040.046         317.461       -268.101         192.272         -11.660         -87.489
      28000.000           0.000           0.000       -3268.881         327.051          0.000           0.000        -149.961           8.177        -92.131        -175.213       -3210.414         323.307       -267.344         208.428         -11.921         -70.837
      32000.000           0.000           0.000       -3166.949         324.747          0.000           0.000        -146.388           8.190        -91.597        -171.724       -3127.171         320.763       -263.321         186.166         -12.174         -89.329
      36000.000           0.000           0.000       -3203.907         323.252          0.000           0.000        -151.202           7.747        -78.175        -188.569       -3145.865         319.593       -266.744         209.244         -11.406         -68.906
      40000.000           0.000           0.000       -3200.345         318.309          0.000           0.000        -138.575           7.840        -85.617        -185.694       -3140.575         314.549       -271.311         198.345         -11.600         -84.566
      44000.000           0.000           0.000       -3185.976         319.731          0.000           0.000        -138.821           7.843        -92.563        -120.834       -3136.741         316.063       -213.397         188.056         -11.511         -36.852
      48000.000           0.000           0.000       -3318.474         321.711          0.000           0.000        -142.347           8.155        -86.915        -178.960       -3261.294         318.377       -265.875         199.527         -11.489         -77.837
      52000.000           0.000           0.000       -3277.646         325.592          0.000           0.000        -148.945           7.792        -80.514        -173.400       -3215.136         321.768       -253.914         211.455         -11.616         -54.075
      56000.000           0.000           0.000       -3201.729         327.168          0.000           0.000        -148.741           8.252        -82.249        -161.952       -3130.566         323.399       -244.201         219.904         -12.021         -36.318
      60000.000           0.000           0.000       -3173.307         325.444          0.000           0.000        -147.546           8.707        -74.798        -198.857       -3103.354         321.364       -273.655         217.499         -12.787         -68.943
      64000.000           0.000           0.000       -3389.646         335.596          0.000           0.000        -149.212           7.905        -76.309        -187.727       -3333.775         331.959       -264.036         205.083         -11.542         -70.495
      68000.000           0.000           0.000       -3295.146         327.774          0.000           0.000        -149.536           7.778        -75.510        -182.869       -3224.765         323.012       -258.379         219.917         -12.540         -51.002
      72000.000           0.000           0.000       -3273.124         325.632          0.000           0.000        -151.129           8.372        -77.249        -178.261       -3209.068         321.389       -255.510         215.185         -12.615         -52.940
      76000.000           0.000           0.000       -3161.789         322.825          0.000           0.000        -143.850           8.311        -89.014        -153.691       -3107.612         319.668       -242.705         198.027         -11.468         -56.146
      80000.000           0.000           0.000       -3119.817         326.615          0.000           0.000        -144.007           8.002        -75.944        -171.774       -3057.487         322.375       -247.718         206.337         -12.242         -53.623
      84000.000           0.000           0.000       -3105.734         333.160          0.000           0.000        -153.611           8.034        -88.018        -156.175       -3068.151         328.907       -244.193         191.194         -12.287         -65.286
      88000.000           0.000           0.000       -3116.624         316.582          0.000           0.000        -143.850           7.182        -92.368        -194.677       -3051.561         312.961       -287.045         208.913         -10.803         -88.935
      92000.000           0.000           0.000       -3187.580         328.225          0.000           0.000        -142.876           7.479        -89.784        -169.559       -3121.091         323.396       -259.343         209.365         -12.308         -62.286
      96000.000           0.000           0.000       -3200.905         321.315          0.000           0.000        -149.755           7.203        -67.916        -194.566       -3165.483         318.237       -262.482         185.177         -10.281         -87.586
     100000.000           0.000           0.000       -3205.567         325.040          0.000           0.000        -142.378           7.280        -92.756        -155.365       -3160.124         321.598       -248.121         187.821         -10.722         -71.022
     104000.000           0.000           0.000       -3283.697         324.204          0.000           0.000        -149.488           8.163        -92.282        -180.563       -3222.674         320.254       -272.845         210.511         -12.113         -74.447
     108000.000           0.000           0.000       -3237.630         322.411          0.000           0.000        -141.051           8.562        -77.926        -189.622       -3180.352         318.133       -267.548         198.329         -12.840         -82.059
     112000.000           0.000           0.000       -3221.069         324.554          0.000           0.000        -140.069           7.987        -99.495        -179.625       -3171.818         320.776       -279.120         189.320         -11.765        -101.565
     116000.000           0.000           0.000       -3268.199         332.558          0.000           0.000        -141.691           8.301        -87.411        -192.142       -3219.358         330.003       -279.553         190.532         -10.856         -99.877
     120000.000           0.000           0.000       -3180.693         320.058          0.000           0.000        -143.031           8.276       -111.465        -175.009       -3124.994         316.863       -286.474         198.730         -11.471         -99.215
     124000.000           0.000           0.000       -3335.997         324.467          0.000           0.000        -142.014           7.785        -83.996        -206.499       -3267.948         321.447       -290.495         210.063         -10.805         -91.237
     128000.000           0.000           0.000       -3161.635         320.386          0.000           0.000        -148.862           8.339        -85.331        -220.481       -3109.705         317.134       -305.812         200.792         -11.591        -116.611
     132000.000           0.000           0.000       -3255.032         318.222          0.000           0.000        -147.986           7.940        -84.578        -218.945       -3193.759         314.658       -303.523         209.259         -11.504        -105.768
     136000.000           0.000           0.000       -3273.431         329.885          0.000           0.000        -148.090           7.534        -92.987        -200.224       -3211.333         326.338       -293.211         210.188         -11.081         -94.104
     140000.000           0.000           0.000       -3143.256         324.636          0.000           0.000        -142.961           8.254        -97.004        -184.220       -3081.487         321.001       -281.224         204.730         -11.889         -88.383
     144000.000           0.000           0.000       -3287.127         332.667          0.000           0.000        -144.698           8.260        -97.488        -198.560       -3224.056         329.162       -296.048         207.769         -11.765        -100.044
     148000.000           0.000           0.000       -3121.863         326.360          0.000           0.000        -149.253           8.898        -96.400        -201.730       -3059.043         322.829       -298.130         212.073         -12.429         -98.486
     152000.000           0.000           0.000       -3265.321         324.259          0.000           0.000        -149.523           8.033        -94.313        -201.724       -3203.401         320.820       -296.037         211.443         -11.472         -96.066
     156000.000           0.000           0.000       -3039.444         322.581          0.000           0.000        -150.321           8.122        -93.608        -189.813       -2977.882         319.471       -283.421         211.883         -11.232         -82.770
     160000.000           0.000           0.000       -3088.652         323.242          0.000           0.000        -146.988           8.025        -94.115        -174.333       -3025.037         319.736       -268.448         210.603         -11.531         -69.376
     164000.000           0.000           0.000       -3172.090         329.204          0.000           0.000        -144.888           8.081        -87.623        -208.042       -3119.804         327.264       -295.665         197.174         -10.021        -108.512
     168000.000           0.000           0.000       -3227.357         323.512          0.000           0.000        -145.424           7.569        -99.110        -172.439       -3174.007         320.467       -271.549         198.774         -10.614         -83.389
     172000.000           0.000           0.000       -3140.288         323.027          0.000           0.000        -141.590           8.168        -81.538        -189.307       -3084.547         320.032       -270.845         197.331         -11.163         -84.677
     176000.000           0.000           0.000       -3359.204         329.721          0.000           0.000        -145.087           8.674        -84.900        -169.841       -3303.479         325.599       -254.741         200.812         -12.796         -66.725
     180000.000           0.000           0.000       -3314.257         327.336          0.000           0.000        -143.842           8.321        -88.334        -183.911       -3251.240         324.269       -272.245         206.859         -11.388         -76.774
     184000.000           0.000           0.000       -3352.718         332.341          0.000           0.000        -146.511           8.487        -97.699        -172.514       -3296.081         328.690       -270.213         203.148         -12.138         -79.203
     188000.000           0.000           0.000       -3201.249         319.849          0.000           0.000        -148.211           7.870       -106.092        -160.710       -3148.286         316.189       -266.802         201.174         -11.530         -77.158
     192000.000           0.000           0.000       -3267.858         322.418          0.000           0.000        -145.101           8.481        -87.744        -187.302       -3216.768         319.247       -275.046         196.191         -11.652         -90.507
     196000.000           0.000           0.000       -3107.855         323.592          0.000           0.000        -145.617           7.871        -89.029        -167.111       -3060.635         320.251       -256.140         192.837         -11.212         -74.515
     200000.000           0.000           0.000       -3190.298         327.247          0.000           0.000        -143.618           7.702        -99.888        -172.809       -3137.333         324.117       -272.697         196.583         -10.832         -86.946
